500.0	0.0	0
500.59979515917934	0.2999999602386235	0
501.19918127220603	0.5999996824826592	0
501.7981592895564	0.8999989303095051	0
502.3967301580465	1.1999974689996284	0
502.99489482085136	1.4999950655236625	0
503.59265421752355	1.7999914885296173	0
504.19000928401215	2.099986508330203	0
504.7869609526813	2.3999798968902644	0
505.3835101523287	2.699971427814324	0
505.979657808204	2.999960876334237	0
506.57540484202707	3.2999480192969517	0
507.1707521720061	3.599932635152378	0
507.7657007128557	3.899914503941362	0
508.3602513758147	4.199893407283763	0
508.9544050686642	4.499869128366636	0
509.54816269574485	4.799841451932519	0
510.1415251579748	5.099810164267817	0
510.73449335286693	5.3997750531912905	0
511.3270681745463	5.699735908042642	0
511.91925051376734	5.999692519671203	0
512.511041257931	6.299644680424715	0
513.1024412911016	6.599592184138208	0
513.6934514940242	6.8995348261229825	0
514.2840727441408	7.199472403155673	0
514.8743059156072	7.499404713467419	0
515.4641518793102	7.799331556733113	0
516.053611502883	8.099252734060762	0
516.6426856507225	8.39916804798092	0
517.2313751840051	8.699077302436221	0
517.8196809607028	8.998980302770997	0
518.4076038356	9.298876855720993	0
518.9951446603081	9.598766769403156	0
519.582304283283	9.898649853305525	0
520.1690835498393	10.198525918277198	0
520.7554833021674	10.498394776518385	0
521.3415043793476	10.798256241570545	0
521.927147617367	11.098110128306617	0
522.5124138491338	11.397956252921315	0
523.0973039044932	11.69779443292152	0
523.6818186102421	11.99762448711675	0
524.2659587901446	12.297446235609705	0
524.849725264947	12.597259499786892	0
525.433118852392	12.897064102309342	0
526.0161403672345	13.196859867103385	0
526.5987906212556	13.496646619351518	0
527.1810704232774	13.79642418548334	0
527.7629805791778	14.096192393166573	0
528.3445218919044	14.395951071298143	0
528.9256951614893	14.695700049995349	0
529.5065011850634	14.995439160587102	0
530.0869407568699	15.295168235605235	0
530.6670146682794	15.594887108775888	0
531.246723707803	15.894595615010957	0
531.8260686611065	16.194293590399628	0
532.4050503110248	16.493980872199966	0
532.9836694375745	16.793657298830585	0
533.5619268179685	17.09332270986238	0
534.1398232266291	17.39297694601034	0
534.717359435202	17.692619849125396	0
535.2945362125688	17.992251262186393	0
535.8713543248612	18.291871029292057	0
536.4478145354738	18.591478995653098	0
537.0239176050773	18.891075007584323	0
537.5996642916316	19.190658912496843	0
538.175055350399	19.490230558890342	0
538.750091533957	19.7897897963454	0
539.3247735922106	20.089336475515875	0
539.899102272406	20.388870448121377	0
540.4730783191428	20.68839156693976	0
541.0467024743865	20.987899685799707	0
541.6199754774811	21.287394659573366	0
542.1928980651619	21.586876344169042	0
542.7654709715672	21.88634459652396	0
543.3376949282514	22.185799274597063	0
543.9095706641965	22.485240237361904	0
544.481098905825	22.784667344799562	0
545.052280377011	23.084080457891634	0
545.6231157990934	23.383479438613275	0
546.1936058908867	23.68286414992631	0
546.7637513686938	23.982234455772375	0
547.333552946317	24.281590221066136	0
547.9030113350703	24.580931311688555	0
548.472127243791	24.88025759448021	0
549.0409013788508	25.17956893723466	0
549.6093344441679	25.478865208691886	0
550.1774271412181	25.77814627853176	0
550.7451801690464	26.07741201736759	0
551.3125942242781	26.376662296739678	0
551.87967000113	26.67589698910899	0
552.4464081914218	26.975115967850805	0
553.0128094845873	27.274319107248484	0
553.5788745676848	27.573506282487234	0
554.1446041254089	27.872677369647956	0
554.709998840101	28.171832245701122	0
555.27505939176	28.470970788500715	0
555.8397864580535	28.770092876778204	0
556.404180714328	29.06919839013658	0
556.9682428336201	29.36828720904443	0
557.5319734866667	29.66735921483005	0
558.0953733419157	29.96641428967564	0
558.6584430655363	30.265452316611498	0
559.2211833214297	30.564473179510284	0
559.7835947712393	30.86347676308134	0
560.3456780743609	31.16246295286503	0
560.9074338879527	31.461431635227143	0
561.4688628669462	31.76038269735333	0
562.0299656640557	32.05931602724358	0
562.5907429297882	32.35823151370678	0
563.1511953124542	32.65712904635523	0
563.7113234581767	32.95600851559931	0
564.2711280109015	33.254869812642106	0
564.8306096124072	33.553712829474115	0
565.3897689023147	33.85253745886798	0
565.9486065180968	34.15134359437327	0
566.5071230950879	34.45013113031131	0
567.0653192664939	34.74889996177003	0
567.6231956634015	35.04764998459885	0
568.1807529147874	35.34638109540366	0
568.7379916475281	35.64509319154177	0
569.2949124864093	35.94378617111693	0
569.8515160541349	36.24245993297442	0
570.4078029713364	36.54111437669608	0
570.9637738565822	36.83974940259551	0
571.5194293263866	37.1383649117132	0
572.0747699952188	37.436960805811744	0
572.6297964755125	37.73553698737111	0
573.1845093776742	38.034093359583906	0
573.7389093100924	38.332629826350676	0
574.2929968791466	38.63114629227529	0
574.846772689216	38.929642662660314	0
575.4002373426885	39.228118843502436	0
575.953391439969	39.52657474148794	0
576.5062355794886	39.82501026398819	0
577.0587703577129	40.12342531905516	0
577.6109963691507	40.421819815417	0
578.1629142063625	40.72019366247364	0
578.714524459969	41.01854677029242	0
579.2658277186594	41.316879049603735	0
579.8168245692	41.61519041179677	0
580.3675155964427	41.91348076891519	0
580.9179013833327	42.21175003365296	0
581.4679825109175	42.50999811935007	0
582.0177595583544	42.80822493998843	0
582.5672331029191	43.10643041018766	0
583.1164037200136	43.40461444520107	0
583.6652719831744	43.70277696091149	0
584.2138384640805	44.00091787382729	0
584.7621037325611	44.299037101078326	0
585.3100683566039	44.59713456041198	0
585.857732902363	44.89521017018919	0
586.4050979341661	45.19326384938051	0
586.9521640145231	45.49129551756225	0
587.4989317041334	45.78930509491259	0
588.0454015618935	46.08729250220774	0
588.5915741449053	46.38525766081812	0
589.1374500084828	46.683200492704614	0
589.6830297061603	46.98112092041479	0
590.2283137896998	47.27901886707919	0
590.7733028090984	47.57689425640763	0
591.3179973125958	47.874747012685525	0
591.8623978466818	48.17257706077027	0
592.4065049561033	48.47038432608762	0
592.950319183872	48.76816873462808	0
593.4938410712717	49.06593021294337	0
594.0370711578652	49.36366868814291	0
594.5800099815016	49.66138408789027	0
595.1226580783238	49.95907634039972	0
595.665015982775	50.256745374432775	0
596.2070842276064	50.554391119294756	0
596.748863343884	50.85201350483139	0
597.2903538609952	51.14961246142545	0
597.8315563066564	51.44718791999338	0
598.3724712069194	51.74473981198199	0
598.9130990861787	52.042268069365115	0
599.4534404671781	52.339772624640396	0
599.9934958710174	52.63725341082598	0
600.5332658171595	52.9347103614573	0
601.0727508234368	53.232143410583895	0
601.6119514060578	53.52955249276619	0
602.1508680796143	53.826937543072376	0
602.6895013570875	54.12429849707523	0
603.2278517498546	54.42163529084905	0
603.7659197676959	54.71894786096655	0
604.3037059188003	55.01623614449578	0
604.8412107097729	55.31350007899709	0
605.3784346456405	55.61073960252013	0
605.9153782298584	55.90795465360082	0
606.452041964317	56.20514517125839	0
606.9884263493475	56.50231109499243	0
607.5245318837286	56.79945236477995	0
608.0603590646928	57.096568921072475	0
608.5959083879322	57.393660704793135	0
609.1311803476054	57.690727657333824	0
609.6661754363429	57.987769720552336	0
610.2008941452535	58.28478683676954	0
610.7353369639305	58.581778948766576	0
611.2695043804578	58.878745999782076	0
611.8033968814152	59.17568793350939	0
612.3370149518856	59.47260469409383	0
612.8703590754599	59.76949622612998	0
613.4034297342432	60.06636247465896	0
613.936227408861	60.36320338516574	0
614.4687525784645	60.6600189035765	0
615.001005720737	60.956808976255964	0
615.5329873118991	61.253573550004766	0
616.0646978267148	61.55031257205687	0
616.5961377384972	61.847025990076936	0
617.127307519114	62.143713752157815	0
617.6582076389933	62.44037580681793	0
618.1888385671293	62.73701210299879	0
618.7192007710876	63.03362259006244	0
619.2492947170108	63.33020721778901	0
619.7791208696243	63.626765936374184	0
620.3086796922416	63.92329869642677	0
620.8379716467699	64.21980544896627	0
621.3669971937151	64.51628614542041	0
621.8957567921875	64.81274073762278	0
622.4242508999075	65.1091691778104	0
622.9524799732104	65.40557141862139	0
623.4804444670519	65.7019474130926	0
624.0081448350136	65.99829711465723	0
624.5355815293076	66.2946204771426	0
625.0627550007825	66.59091745476773	0
625.5896656989283	66.88718800214114	0
626.1163140718812	67.18343207425855	0
626.6427005664292	67.4796496265006	0
627.1688256280171	67.77584061463065	0
627.6946897007513	68.07200499479252	0
628.2202932274051	68.3681427235083	0
628.7456366494239	68.66425375767618	0
629.2707204069295	68.96033805456821	0
629.7955449387258	69.25639557182822	0
630.3201106823034	69.5524262674696	0
630.8444180738444	69.84843009987323	0
631.3684675482275	70.1444070277853	0
631.8922595390327	70.4403570103153	0
632.4157944785461	70.73628000693384	0
632.9390727977648	71.03217597747063	0
633.4620949264015	71.32804488211244	0
633.9848612928895	71.623886681401	0
634.507372324387	71.91970133623104	0
635.0296284467823	72.21548880784823	0
635.551630084698	72.51124905784721	0
636.0733776614957	72.80698204816959	0
636.5948715992807	73.10268774110196	0
637.116112318907	73.398366099274	0
637.6371002399807	73.69401708565647	0
638.1578357808656	73.98964066355931	0
638.6783193586874	74.28523679662975	0
639.1985513893379	74.58080544885034	0
639.7185322874797	74.87634658453713	0
640.2382624665503	75.17186016833777	0
640.757742338767	75.46734616522963	0
641.2769723151308	75.76280454051796	0
641.795952805431	76.05823525983409	0
642.3146842182493	76.35363828913357	0
642.8331669609644	76.64901359469435	0
643.3514014397557	76.94436114311502	0
643.8693880596082	77.23968090131298	0
644.3871272243164	77.53497283652273	0
644.904619336488	77.83023691629403	0
645.4218647975493	78.12547310849021	0
645.938864007748	78.42068138128643	0
646.4556173661579	78.7158617031679	0
646.9721252706831	79.01101404292825	0
647.4883881180621	79.30613836966775	0
648.0044063038712	79.60123465279169	0
648.5201802225291	79.89630286200865	0
649.0357102673009	80.19134296732886	0
649.5509968303019	80.48635493906254	0
650.0660403025012	80.78133874781824	0
650.5808410737261	81.07629436450125	0
651.095399532666	81.37122176031193	0
651.6097160668758	81.6661209067441	0
652.1237910627801	81.9609917755835	0
652.6376249056771	82.25583433890614	0
653.1512179797419	82.55064856907676	0
653.6645706680308	82.8454344387472	0
654.1776833524849	83.14019192085495	0
654.6905564139336	83.43492098862149	0
655.2031902320983	83.72962161555083	0
655.7155851855966	84.02429377542794	0
656.2277416519453	84.31893744231726	0
656.7396600075641	84.61355259056121	0
657.2513406277798	84.90813919477863	0
657.7627838868291	85.20269722986333	0
658.2739901578626	85.49722667098266	0
658.7849598129485	85.79172749357593	0
659.2956932230754	86.08619967335308	0
659.8061907581566	86.38064318629313	0
660.316452787033	86.67505800864278	0
660.8264796774768	86.96944411691501	0
661.3362717961948	87.2638014878876	0
661.8458295088318	87.55813009860178	0
662.3551531799742	87.85242992636074	0
662.8642431731529	88.14670094872834	0
663.373099850847	88.44094314352765	0
663.881723574487	88.73515648883959	0
664.3901147044578	89.0293409630016	0
664.8982736001027	89.3234965446062	0
665.4062006197256	89.61762321249972	0
665.9138961205952	89.91172094578091	0
666.4213604589473	90.20578972379963	0
666.9285939899888	90.49982952615548	0
667.4355970679002	90.79384033269653	0
667.942370045839	91.087822123518	0
668.4489132759428	91.3817748789609	0
668.9552271093323	91.67569857961082	0
669.4613118961145	91.96959320629658	0
669.9671679853853	92.26345874008895	0
670.4727957252334	92.55729516229943	0
670.978195462742	92.85110245447889	0
671.4833675439928	93.1448805984164	0
671.9883123140688	93.43862957613796	0
672.4930301170568	93.73234936990518	0
672.9975212960506	94.02603996221414	0
673.5017861931537	94.3197013357941	0
674.0058251494825	94.61333347360626	0
674.5096385051684	94.90693635884261	0
675.0132265993615	95.20050997492464	0
675.5165897702329	95.49405430550217	0
676.0197283549776	95.78756933445216	0
676.522642689817	96.08105504587748	0
677.0253331100017	96.37451142410573	0
677.5277999498147	96.66793845368811	0
678.0300435425734	96.96133611939815	0
678.5320642206325	97.25470440623063	0
679.0338623153867	97.54804329940032	0
679.5354381572733	97.84135278434088	0
680.0367920757748	98.13463284670372	0
680.5379243994211	98.4278834723568	0
681.0388354557927	98.72110464738347	0
681.5395255715226	99.01429635808141	0
682.0399950722996	99.30745859096142	0
682.5402442828695	99.6005913327463	0
683.0402735270388	99.89369457036976	0
683.5400831276767	100.18676829097524	0
684.0396734067169	100.47981248191483	0
684.5390446851612	100.77282713074815	0
685.0381972830808	101.06581222524123	0
685.537131519619	101.35876775336538	0
686.0358477129939	101.65169370329615	0
686.5343461805	101.94459006341214	0
687.0326272385113	102.23745682229398	0
687.5306912024826	102.5302939687232	0
688.0285383869524	102.82310149168114	0
688.5261691055453	103.11587938034789	0
689.0235836709733	103.40862762410114	0
689.5207823950389	103.70134621251516	0
690.0177655886366	103.9940351353597	0
690.5145335617555	104.2866943825989	0
691.011086623481	104.57932394439021	0
691.5074250819972	104.87192381108336	0
692.0035492445888	105.16449397321924	0
692.499459417643	105.45703442152882	0
692.9951559066519	105.74954514693214	0
693.4906390162141	106.04202614053717	0
693.985909050037	106.33447739363883	0
694.4809663109382	106.62689889771784	0
694.9758111008484	106.91929064443968	0
695.4704437208122	107.21165262565357	0
695.9648644709907	107.50398483339134	0
696.4590736506632	107.79628725986642	0
696.9530715582289	108.08855989747272	0
697.4468584912089	108.38080273878363	0
697.9404347462478	108.67301577655091	0
698.4338006191156	108.96519900370365	0
698.9269564047095	109.25735241334718	0
699.4199023970556	109.54947599876203	0
699.9126388893104	109.84156975340288	0
700.4051661737628	110.1336336708974	0
700.8974845418356	110.42566774504527	0
701.389594284087	110.71767196981712	0
701.8814956902125	111.00964633935335	0
702.3731890490466	111.30159084796317	0
702.8646746485637	111.59350549012345	0
703.3559527758803	111.88539026047765	0
703.8470237172564	112.17724515383478	0
704.3378877580972	112.46907016516825	0
704.8285451829538	112.76086528961483	0
705.3189962755256	113.05263052247354	0
705.8092413186613	113.34436585920452	0
706.2992805943603	113.63607129542797	0
706.7891143837743	113.92774682692304	0
707.2787429672085	114.21939244962671	0
707.7681666241231	114.51100815963265	0
708.2573856331345	114.80259395319017	0
708.7464002720169	115.094149826703	0
709.2352108177033	115.38567577672825	0
709.7238175462869	115.67717179997521	0
710.2122207330223	115.96863789330425	0
710.7004206523268	116.2600740537256	0
711.1884175777817	116.55148027839832	0
711.6762117821335	116.84285656462899	0
712.1638035372946	117.13420290987065	0
712.6511931143453	117.42551931172159	0
713.1383807835343	117.71680576792413	0
713.62536681428	118.00806227636349	0
714.1121514751717	118.29928883506652	0
714.5987350339703	118.59048544220055	0
715.0851177576102	118.88165209607213	0
715.5712999121994	119.17278879512584	0
716.057281763021	119.463895537943	0
716.5430635745342	119.75497232324048	0
717.0286456103753	120.04601914986941	0
717.5140281333584	120.3370360168139	0
717.9992114054767	120.62802292318979	0
718.4841956879033	120.91897986824335	0
718.9689812409919	121.20990685135	0
719.4535683242782	121.50080387201292	0
719.9379571964805	121.79167092986184	0
720.4221481155004	122.08250802465159	0
720.9061413384238	122.37331515626084	0
721.389937121522	122.66409232469071	0
721.8735357202521	122.95483953006335	0
722.3569373892581	123.24555677262062	0
722.8401423823715	123.53624405272261	0
723.3231509526123	123.82690137084631	0
723.8059633521897	124.11752872758413	0
724.2885798325025	124.40812612364243	0
724.7710006441405	124.69869355984011	0
725.2532260368846	124.98923103710707	0
725.7352562597081	125.27973855648283	0
726.2170915607768	125.57021611911486	0
726.6987321874502	125.86066372625719	0
727.180178386282	126.15108137926882	0
727.6614304030206	126.44146907961213	0
728.1424884826101	126.73182682885137	0
728.6233528691907	127.022154628651	0
729.1040238060996	127.31245248077411	0
729.5845015358713	127.60272038708081	0
730.0647863002384	127.89295834952652	0
730.5448783401325	128.1831663701604	0
731.0247778956845	128.47334445112352	0
731.5044852062251	128.76349259464735	0
731.9840005102861	129.0536108030518	0
732.4633240456002	129.34369907874375	0
732.942456049102	129.63375742421502	0
733.4213967569286	129.92378584204073	0
733.9001464044204	130.2137843348775	0
734.3787052261212	130.50375290546157	0
734.8570734557791	130.79369155660697	0
735.3352513263475	131.0836002912037	0
735.813239069985	131.37347911221576	0
736.2910369180565	131.6633280226793	0
736.7686451011338	131.95314702570067	0
737.2460638489958	132.2429361244545	0
737.7232933906299	132.53269532218164	0
738.2003339542318	132.82242462218724	0
738.6771857672068	133.11212402783875	0
739.1538490561701	133.4017935425638	0
739.6303240469476	133.69143316984824	0
740.1066109645767	133.98104291323392	0
740.5827100333066	134.2706227763167	0
741.0586214765997	134.56017276274432	0
741.5343455171314	134.8496928762141	0
742.0098823767917	135.13918312047105	0
742.4852322766853	135.42864349930537	0
742.960395437133	135.71807401655045	0
743.4353720776719	136.00747467608053	0
743.9101624170565	136.2968454818085	0
744.3847666732596	136.58618643768352	0
744.8591850634729	136.87549754768887	0
745.333417804108	137.16477881583947	0
745.8074651107975	137.45403024617963	0
746.2813271983956	137.74325184278067	0
746.7550042809794	138.03244360973855	0
747.2284965718494	138.32160555117142	0
747.701804283531	138.6107376712172	0
748.1749276277753	138.89983997403124	0
748.6478668155603	139.18891246378362	0
749.1206220570916	139.47795514465696	0
749.5931935618041	139.7669680208437	0
750.0655815383628	140.0559510965437	0
750.5377861946644	140.34490437596165	0
751.0098077378378	140.63382786330448	0
751.4816463742463	140.9227215627789	0
751.9533023094883	141.21158547858872	0
752.4247757483989	141.5004196149323	0
752.8960668950511	141.78922397599993	0
753.3671759527576	142.07799856597117	0
753.8381031240721	142.3667433890122	0
754.3088486107905	142.65545844927328	0
754.7794126139532	142.9441437508859	0
755.2497953338462	143.23279929796024	0
755.7199969700029	143.5214250945824	0
756.1900177212055	143.8100211448118	0
756.6598577854878	144.09858745267837	0
757.1295173601358	144.38712402217988	0
757.5989966416902	144.67563085727917	0
758.0682958259483	144.96410796190156	0
758.537415107966	145.25255533993194	0
759.0063546820595	145.54097299521214	0
759.4751147418078	145.82936093153816	0
759.9436954800547	146.1177191526574	0
760.4120970889106	146.40604766226596	0
760.8803197597556	146.6943464640059	0
761.348363683241	146.98261556146235	0
761.8162290492921	147.270854958161	0
762.2839160471106	147.5590646575652	0
762.7514248651765	147.84724466307318	0
763.2187556912518	148.1353949780155	0
763.6859087123819	148.42351560565217	0
764.1528841148989	148.71160654916994	0
764.6196820844243	148.99966781167967	0
765.0863028058715	149.28769939621355	0
765.5527464634488	149.57570130572242	0
766.0190132406622	149.8636735430731	0
766.4851033203186	150.15161611104574	0
766.9510168845284	150.43952901233106	0
767.4167541147089	150.72741224952787	0
767.882315191587	151.01526582514032	0
768.3477002952034	151.3030897415753	0
768.8129096049142	151.5908840011399	0
769.2779432993958	151.87864860603878	0
769.7428015566472	152.16638355837168	0
770.2074845539939	152.45408886013084	0
770.6719924680912	152.74176451319846	0
771.1363254749277	153.0294105193443	0
771.6004837498291	153.31702688022318	0
772.0644674674616	153.6046135973725	0
772.5282768018354	153.89217067220983	0
772.9919119263092	154.17969810603063	0
773.455373013593	154.46719590000578	0
773.9186602357526	154.7546640551793	0
774.3817737642132	155.04210257246604	0
774.8447137697638	155.32951145264946	0
775.3074804225604	155.61689069637933	0
775.7700738921308	155.9042403041696	0
776.2324943473782	156.19156027639616	0
776.6947419565854	156.47885061329475	0
777.1568168874194	156.76611131495886	0
777.618719306935	157.05334238133767	0
778.0804493815793	157.34054381223405	0
778.5420072771964	157.62771560730252	0
779.003393159031	157.91485776604736	0
779.4646071917334	158.20197028782067	0
779.9256495393636	158.48905317182047	0
780.3865203653958	158.77610641708895	0
780.8472198327229	159.06313002251062	0
781.3077481036612	159.3501239868106	0
781.7681053399547	159.63708830855285	0
782.2282917027796	159.92402298613862	0
782.6883073527495	160.21092801780472	0
783.1481524499192	160.497803401622	0
783.6078271537899	160.78464913549385	0
784.067331623314	161.07146521715458	0
784.5266660168994	161.35825164416812	0
784.9858304924145	161.64500841392652	0
785.4448252071928	161.93173552364863	0
785.9036503180379	162.2184329703788	0
786.3623059812279	162.50510075098566	0
786.8207923525208	162.7917388621607	0
787.2791095871588	163.07834730041733	0
787.7372578398735	163.36492606208964	0
788.1952372648901	163.65147514333125	0
788.6530480159335	163.93799454011443	0
789.1106902462317	164.22448424822895	0
789.568164108522	164.5109442632812	0
790.0254697550547	164.7973745806933	0
790.482607337599	165.0837751957022	0
790.9395770074473	165.3701461033589	0
791.3963789154201	165.65648729852765	0
791.8530132118714	165.94279877588522	0
792.309480046693	166.22908052992025	0
792.7657795693199	166.51533255493263	0
793.2219119287346	166.80155484503285	0
793.6778772734725	167.08774739414147	0
794.1336757516268	167.37391019598866	0
794.5893075108529	167.6600432441137	0
795.0447726983738	167.94614653186454	0
795.5000714609846	168.2322200523975	0
795.9552039450576	168.51826379867688	0
796.4101702965471	168.8042777634747	0
796.864970660994	169.09026193937038	0
797.3196051835308	169.37621631875066	0
797.7740740088865	169.66214089380935	0
798.2283772813912	169.94803565654718	0
798.6825151449812	170.2339005987718	0
799.136487743203	170.5197357120977	0
799.5902952192192	170.8055409879462	0
800.0439377158121	171.0913164175454	0
800.4974153753892	171.37706199193047	0
800.9507283399873	171.6627777019435	0
801.4038767512777	171.94846353823382	0
801.8568607505704	172.23411949125818	0
802.3096804788189	172.51974555128086	0
802.7623360766249	172.805341708374	0
803.2148276842428	173.0909079524179	0
803.6671554415839	173.37644427310133	0
804.1193194882215	173.6619506599219	0
804.5713199633952	173.94742710218645	0
805.0231570060151	174.23287358901146	0
805.4748307546665	174.51829010932352	0
805.9263413476142	174.80367665185986	0
806.377688922807	175.08903320516882	0
806.8288736178821	175.37435975761045	0
807.2798955701692	175.6596562973571	0
807.7307549166949	175.94492281239394	0
808.1814517941871	176.2301592905198	0
808.6319863390792	176.5153657193476	0
809.082358687514	176.8005420863053	0
809.5325689753483	177.0856883786365	0
809.9826173381571	177.3708045834011	0
810.432503911237	177.65589068747636	0
810.8822288296111	177.94094667755746	0
811.3317922280328	178.2259725401585	0
811.7811942409894	178.51096826161321	0
812.2304350027067	178.79593382807602	0
812.6795146471527	179.08086922552283	0
813.1284333080413	179.36577443975204	0
813.5771911188365	179.65064945638542	0
814.0257882127562	179.93549426086918	0
814.4742247227758	180.22030883847492	0
814.9225007816323	180.5050931743007	0
815.3706165218277	180.78984725327203	0
815.8185720756333	181.07457106014297	0
816.2663675750923	181.35926457949728	0
816.7140031520249	181.64392779574942	0
817.1614789380307	181.92856069314573	0
817.6087950644926	182.21316325576558	0
818.0559516625808	182.49773546752255	0
818.5029488632559	182.78227731216558	0
818.9497867972724	183.06678877328017	0
819.396465595182	183.35126983428964	0
819.8429853873375	183.63572047845634	0
820.2893463038957	183.9201406888829	0
820.7355484748209	184.20453044851345	0
821.1815920298882	184.488889740135	0
821.6274770986867	184.77321854637864	0
822.0732038106228	185.05751684972094	0
822.5187722949236	185.34178463248517	0
822.9641826806395	185.62602187684274	0
823.4094350966479	185.9102285648145	0
823.8545296716561	186.1944046782721	0
824.299466534204	186.47855019893936	0
824.7442458126678	186.76266510839372	0
825.1888676352626	187.04674938806758	0
825.633332130045	187.3308030192497	0
826.0776394249169	187.61482598308666	0
826.5217896476277	187.89881826058433	0
826.965782925777	188.1827798326092	0
827.4096193868185	188.46671067988996	0
827.8532991580614	188.75061078301883	0
828.2968223666743	189.03448012245317	0
828.740189139687	189.31831867851687	0
829.1833996039938	189.60212643140187	0
829.6264538863561	189.88590336116962	0
830.0693521134048	190.16964944775265	0
830.5120944116427	190.453364670956	0
830.9546809074478	190.73704901045886	0
831.3971117270751	191.02070244581597	0
831.8393869966593	191.30432495645923	0
832.2815068422175	191.58791652169919	0
832.7234713896513	191.87147712072664	0
833.1652807647494	192.15500673261414	0
833.6069350931898	192.4385053363176	0
834.0484345005424	192.72197291067778	0
834.4897791122709	193.00540943442195	0
834.9309690537355	193.28881488616537	0
835.3720044501948	193.5721892444129	0
835.8128854268083	193.85553248756065	0
836.2536121086383	194.13884459389743	0
836.6941846206522	194.42212554160645	0
837.1346030877247	194.70537530876686	0
837.5748676346396	194.98859387335537	0
838.0149783860924	195.2717812132478	0
838.4549354666914	195.55493730622075	0
838.8947390009607	195.83806212995313	0
839.3343891133418	196.1211556620278	0
839.7738859281952	196.4042178799332	0
840.2132295698029	196.68724876106495	0
840.6524201623697	196.9702482827274	0
841.0914578300254	197.2532164221353	0
841.5303426968268	197.5361531564154	0
841.969074886759	197.81905846260804	0
842.4076545237376	198.10193231766885	0
842.8460817316103	198.38477469847024	0
843.2843566341584	198.6675855818031	0
843.7224793550989	198.9503649443784	0
844.160450018086	199.2331127628288	0
844.5982687467124	199.51582901371023	0
845.0359356645115	199.79851367350358	0
845.4734508949585	200.08116671861623	0
845.9108145614724	200.36378812538373	0
846.348026787417	200.6463778700714	0
846.7850876961028	200.92893592887592	0
847.2219974107883	201.21146227792693	0
847.6587560546816	201.49395689328867	0
848.0953637509417	201.7764197509616	0
848.53182062268	202.05885082688397	0
848.9681267929616	202.34125009693344	0
849.4042823848066	202.62361753692866	0
849.8402875211915	202.9059531226309	0
850.2761423250506	203.18825682974568	0
850.7118469192773	203.47052863392426	0
851.147401426725	203.7527685107653	0
851.5828059702087	204.03497643581645	0
852.0180606725063	204.31715238457596	0
852.4531656563591	204.59929633249422	0
852.888121044474	204.88140825497536	0
853.3229269595237	205.16348812737877	0
853.7575835241482	205.4455359250208	0
854.1920908609562	205.72755162317623	0
854.6264490925256	206.0095351970798	0
855.060658341405	206.29148662192793	0
855.4947187301143	206.57340587288016	0
855.9286303811461	206.85529292506067	0
856.3623934169667	207.13714775355996	0
856.7960079600166	207.4189703334363	0
857.229474132712	207.7007606397173	0
857.6627920574452	207.9825186474014	0
858.0959618565861	208.26424433145957	0
858.5289836524823	208.54593766683658	0
858.9618575674608	208.82759862845276	0
859.3945837238282	209.10922719120535	0
859.8271622438718	209.39082332997012	0
860.2595932498605	209.67238701960284	0
860.6918768640451	209.95391823494077	0
861.1240132086597	210.2354169508042	0
861.5560024059218	210.51688314199788	0
861.9878445780338	210.79831678331254	0
862.4195398471828	211.07971784952642	0
862.8510883355419	211.36108631540662	0
863.2824901652707	211.64242215571073	0
863.7137454585157	211.92372534518816	0
864.1448543374115	212.20499585858167	0
864.5758169240808	212.4862336706288	0
865.0066333406352	212.76743875606329	0
865.4373037091759	213.04861108961657	0
865.8678281517942	213.3297506460192	0
866.298206790572	213.61085740000217	0
866.7284397475819	213.89193132629856	0
867.1585271448887	214.17297239964466	0
867.588469104549	214.45398059478165	0
868.0182657486118	214.73495588645682	0
868.4479171991194	215.015898249425	0
868.8774235781073	215.29680765845004	0
869.3067850076047	215.57768408830606	0
869.7360016096355	215.8585275137789	0
870.1650735062178	216.1393379096675	0
870.5940008193649	216.42011525078516	0
871.0227836710852	216.70085951196103	0
871.451422183383	216.98157066804134	0
871.8799164782585	217.26224869389083	0
872.308266677708	217.54289356439398	0
872.7364729037248	217.8235052544564	0
873.1645352782986	218.10408373900614	0
873.5924539234162	218.384628992995	0
874.0202289610621	218.66514099139982	0
874.4478605132181	218.94561970922376	0
874.8753487018638	219.22606512149758	0
875.3026936489769	219.50647720328095	0
875.7298954765329	219.78685592966372	0
876.1569543065061	220.06720127576713	0
876.583870260869	220.34751321674514	0
877.0106434615928	220.62779172778562	0
877.4372740306475	220.90803678411157	0
877.8637620900017	221.18824836098244	0
878.2901077616233	221.46842643369524	0
878.7163111674791	221.74857097758587	0
879.1423724295352	222.0286819680302	0
879.5682916697565	222.30875938044542	0
879.9940690101076	222.58880319029106	0
880.4197045725522	222.86881337307028	0
880.8451984790531	223.148789904331	0
881.2705508515727	223.42873275966716	0
881.6957618120726	223.7086419147197	0
882.1208314825138	223.98851734517783	0
882.5457599848564	224.2683590267802	0
882.9705474410599	224.5481669353159	0
883.395193973083	224.8279410466257	0
883.8196997028833	225.10768133660318	0
884.2440647524179	225.38738778119566	0
884.6682892436424	225.6670603564055	0
885.0923732985118	225.94669903829106	0
885.5163170389794	226.22630380296786	0
885.9401205869975	226.5058746266096	0
886.363784064517	226.78541148544923	0
886.7873075934867	227.06491435578005	0
887.2106912958544	227.34438321395663	0
887.6339352935655	227.62381803639605	0
888.0570397085636	227.90321879957872	0
888.48000466279	228.18258548004954	0
888.9028302781834	228.46191805441885	0
889.3255166766802	228.74121649936345	0
889.7480639802138	229.02048079162756	0
890.1704723107147	229.29971090802385	0
890.5927417901099	229.5789068254344	0
891.0148725403233	229.85806852081163	0
891.4368646832746	230.13719597117932	0
891.85871834088	230.41628915363356	0
892.2804336350512	230.69534804534356	0
892.7020106876953	230.97437262355277	0
893.1234496207148	231.25336286557965	0
893.5447505560072	231.53231874881865	0
893.9659136154644	231.81124025074115	0
894.3869389209727	232.0901273488963	0
894.8078265944126	232.36898002091186	0
895.2285767576581	232.6477982444952	0
895.6491895325764	232.92658199743408	0
896.0696650410283	233.20533125759755	0
896.4900034048669	233.48404600293674	0
896.9102047459377	233.7627262114858	0
897.3302691860782	234.04137186136268	0
897.7501968471176	234.31998293076987	0
898.1699878508764	234.5985593979954	0
898.5896423191658	234.87710124141347	0
899.0091603737877	235.1556084394854	0
899.4285421365341	235.43408097076028	0
899.8477877291865	235.7125188138758	0
900.266897273516	235.99092194755903	0
900.6858708912822	236.26929035062722	0
901.1047087042336	236.5476240019885	0
901.5234108341066	236.82592288064262	0
901.9419774026251	237.10418696568172	0
902.3604085315003	237.38241623629102	0
902.7787043424302	237.66061067174957	0
903.1968649570989	237.93877025143095	0
903.6148904971767	238.21689495480393	0
904.032781084319	238.49498476143322	0
904.4505368401663	238.7730396509801	0
904.8681578863434	239.05105960320319	0
905.2856443444592	239.32904459795895	0
905.702996336106	239.60699461520247	0
906.1202139828594	239.88490963498808	0
906.537297406277	240.16278963746998	0
906.9542467278991	240.44063460290286	0
907.371062069247	240.71844451164256	0
907.7877435518234	240.99621934414662	0
908.2042912971112	241.27395908097495	0
908.6207054265736	241.55166370279036	0
909.0369860616532	241.82933319035925	0
909.4531333237717	242.106967524552	0
909.869147334329	242.38456668634376	0
910.2850282147031	242.66213065681487	0
910.7007760862493	242.93965941715143	0
911.1163910703	243.2171529486459	0
911.5318732881635	243.49461123269754	0
911.9472228611244	243.77203425081305	0
912.362439910442	244.049421984607	0
912.7775245573508	244.32677441580236	0
913.192476923059	244.60409152623103	0
913.6072971287485	244.8813732978343	0
914.0219852955744	245.15861971266338	0
914.4365415446639	245.4358307528798	0
914.8509659971163	245.71300640075597	0
915.2652587740023	245.99014663867553	0
915.6794199963631	246.26725144913388	0
916.0934497852103	246.54432081473865	0
916.5073482615248	246.82135471821005	0
916.9211155462568	247.09835314238134	0
917.3347517603248	247.37531607019926	0
917.7482570246151	247.6522434847244	0
918.1616314599813	247.92913536913167	0
918.5748751872437	248.2059917067106	0
918.9879883271886	248.48281248086582	0
919.400971000568	248.7595976751174	0
919.8138233280985	249.03634727310117	0
920.226545430461	249.3130612585692	0
920.6391374283003	249.58973961539007	0
921.0515994422242	249.8663823275492	0
921.463931592803	250.1429893791492	0
921.8761340005688	250.41956075441033	0
922.2882067860152	250.6960964376706	0
922.7001500695961	250.9725964133863	0
923.111963971726	251.24906066613215	0
923.5236486127785	251.52548918060168	0
923.935204113086	251.80188194160752	0
924.3466305929394	252.07823893408167	0
924.757928172587	252.35456014307576	0
925.1690969722342	252.63084555376136	0
925.580137112043	252.90709515143024	0
925.9910487121308	253.18330892149459	0
926.4018318925705	253.4594868494873	0
926.8124867733894	253.73562892106216	0
927.2230134745688	254.01173512199418	0
927.6334121160434	254.28780543817973	0
928.0436828177004	254.56383985563681	0
928.4538256993793	254.83983836050524	0
928.863840880871	255.11580093904686	0
929.273728481917	255.39172757764575	0
929.6834886222096	255.66761826280842	0
930.0931214213902	255.94347298116395	0
930.5026269990494	256.21929171946425	0
930.9120054747264	256.49507446458415	0
931.3212569679076	256.77082120352156	0
931.7303815980272	257.04653192339777	0
932.1393794844655	257.3222066114574	0
932.5482507465488	257.59784525506865	0
932.9569955035487	257.87344784172353	0
933.3656138746815	258.1490143590377	0
933.7741059791075	258.424544794751	0
934.1824719359306	258.7000391367271	0
934.5907118641974	258.97549737295407	0
934.9988258828965	259.2509194915441	0
935.4068141109586	259.52630548073387	0
935.814676667255	259.8016553288845	0
936.2224136705973	260.07696902448174	0
936.6300252397373	260.35224655613587	0
937.0375114933655	260.62748791258196	0
937.4448725501112	260.9026930826798	0
937.8521085285414	261.17786205541404	0
938.2592195471606	261.45299481989434	0
938.6662057244099	261.7280913653551	0
939.0730671786667	262.0031516811559	0
939.4798040282437	262.27817575678114	0
939.8864163913885	262.5531635818404	0
940.292904386283	262.8281151460683	0
940.6992681310429	263.1030304393245	0
941.105507743717	263.3779094515939	0
941.5116233422864	263.6527521729863	0
941.9176150446642	263.9275585937368	0
942.3234829686949	264.2023287042055	0
942.7292272321536	264.47706249487766	0
943.1348479527454	264.7517599563635	0
943.5403452481052	265.0264210793984	0
943.9457192357964	265.3010458548427	0
944.3509700333113	265.5756342736818	0
944.7560977580697	265.85018632702605	0
945.1611025274184	266.1247020061107	0
945.565984458631	266.39918130229574	0
945.970743668907	266.6736242070662	0
946.3753802753713	266.9480307120317	0
946.7798943950739	267.2224008089266	0
947.184286144989	267.4967344896098	0
947.5885556420142	267.7710317460649	0
947.9927030029705	268.04529257039985	0
948.3967283446016	268.31951695484696	0
948.8006317835728	268.59370489176285	0
949.2044134364713	268.8678563736284	0
949.6080734198049	269.1419713930485	0
950.0116118500017	269.4160499427521	0
950.4150288434097	269.69009201559203	0
950.818324516296	269.96409760454475	0
951.2214989848463	270.23806670271057	0
951.6245523651646	270.5119993033132	0
952.0274847732722	270.78589539969977	0
952.4302963251077	271.0597549853407	0
952.8329871365258	271.3335780538295	0
953.2355573232975	271.6073645988828	0
953.6380070011088	271.8811146143398	0
954.0403362855608	272.1548280941627	0
954.4425452921689	272.42850503243614	0
954.8446341363622	272.702145423367	0
955.2466029334829	272.9757492612846	0
955.6484517987863	273.2493165406401	0
956.0501808474395	273.52284725600674	0
956.4517901945217	273.79634140207935	0
956.8532799550228	274.06979897367427	0
957.2546502438437	274.3432199657293	0
957.6559011757952	274.6166043733033	0
958.0570328655979	274.8899521915761	0
958.4580454278814	275.1632634158484	0
958.8589389771839	275.4365380415413	0
959.2597136279519	275.70977606419655	0
959.6603694945392	275.9829774794757	0
960.0609066912069	276.2561422831606	0
960.4613253321228	276.5292704711527	0
960.8616255313606	276.8023620394729	0
961.2618074028998	277.0754169842615	0
961.661871060625	277.3484353017779	0
962.0618166183255	277.6214169884003	0
962.4616441896947	277.8943620406256	0
962.8613538883299	278.16727045506894	0
963.2609458277315	278.4401422284638	0
963.6604201213028	278.71297735766143	0
964.0597768823492	278.98577583963083	0
964.4590162240783	279.2585376714583	0
964.8581382595986	279.53126285034756	0
965.25714310192	279.80395137361893	0
965.6560308639524	280.0766032387096	0
966.0548016585062	280.3492184431731	0
966.4534555982912	280.62179698467907	0
966.8519927959161	280.89433886101307	0
967.2504133638885	281.16684407007625	0
967.6487174146142	281.43931260988506	0
968.0469050603969	281.711744478571	0
968.4449764134374	281.9841396743804	0
968.8429315858339	282.25649819567406	0
969.2407706895806	282.5288200409269	0
969.638493836568	282.80110520872796	0
970.0361011385825	283.0733536977798	0
970.4335927073054	283.3455655068983	0
970.8309686543131	283.6177406350125	0
971.2282290910763	283.8898790811641	0
971.6253741289597	284.16198084450735	0
972.0224038792217	284.4340459243086	0
972.4193184530138	284.70607431994597	0
972.8161179613805	284.97806603090936	0
973.2128025152587	285.2500210567997	0
973.6093722254769	285.521939397329	0
974.005827202756	285.7938210523198	0
974.4021675577075	286.065666021705	0
974.798393400834	286.3374743055274	0
975.1945048425288	286.6092459039396	0
975.5905019930749	286.88098081720346	0
975.9863849626454	287.15267904568987	0
976.3821538613026	287.4243405898784	0
976.777808798998	287.69596545035705	0
977.1733498855714	287.9675536278218	0
977.5687772307513	288.2391051230764	0
977.9640909441537	288.51061993703195	0
978.3592911352825	288.7820980707066	0
978.7543779135289	289.0535395252251	0
979.1493513881705	289.32494430181873	0
979.5442116683721	289.5963124018247	0
979.9389588631842	289.86764382668593	0
980.3335930815433	290.1389385779507	0
980.7281144322715	290.41019665727214	0
981.1225230240759	290.6814180664082	0
981.5168189655489	290.95260280722107	0
981.9110023651668	291.22375088167684	0
982.3050733312909	291.4948622918452	0
982.6990319721658	291.76593703989914	0
983.0928783959199	292.0369751281145	0
983.4866127105649	292.3079765588696	0
983.8802350239955	292.578941334645	0
984.273745443989	292.84986945802297	0
984.6671440782052	293.12076093168736	0
985.0604310341859	293.39161575842303	0
985.4536064193545	293.6624339411156	0
985.8466703410163	293.93321548275094	0
986.2396229063575	294.2039603864151	0
986.6324642224452	294.4746686552935	0
987.0251943962272	294.7453402926711	0
987.4178135345318	295.0159753019315	0
987.8103217440671	295.28657368655706	0
988.2027191314213	295.55713545012804	0
988.595005803062	295.8276605963227	0
988.987181865336	296.0981491289165	0
989.3792474244692	296.368601051782	0
989.7712025865663	296.63901636888846	0
990.1630474576104	296.9093950843014	0
990.554782143463	297.1797372021822	0
990.9464067498632	297.4500427267878	0
991.3379213824282	297.7203116624702	0
991.7293261466529	297.9905440136762	0
992.1206211479089	298.260739784947	0
992.5118064914452	298.5308989809178	0
992.9028822823875	298.8010216063174	0
993.2938486257381	299.0711076659678	0
993.6847056263755	299.3411571647839	0
994.0754533890545	299.61117010777303	0
994.4660920184056	299.8811465000346	0
994.856621618935	300.1510863467598	0
995.2470422950246	300.420989653231	0
995.6373541509312	300.69085642482156	0
996.0275572907867	300.96068666699534	0
996.4176518185981	301.23048038530635	0
996.8076378382466	301.5002375853984	0
997.1975154534881	301.7699582730046	0
997.5872847679526	302.0396424539471	0
997.9769458851442	302.3092901341367	0
998.3664989084408	302.5789013195722	0
998.755943941094	302.84847601634044	0
999.1452810862286	303.11801423061553	0
999.534510446843	303.38751596865865	0
999.9236321258087	303.65698123681767	0
1000.3126462258698	303.92641004152665	0
1000.7015528496435	304.19580238930547	0
1001.0903520996193	304.46515828675956	0
1001.4790440781592	304.7344777405794	0
1001.8676288874975	305.0037607575401	0
1002.2561066297407	305.2730073445011	0
1002.6444774068668	305.5422175084057	0
1003.0327413207261	305.8113912562808	0
1003.4208984730401	306.0805285952363	0
1003.8089489654019	306.34962953246475	0
1004.196892899276	306.61869407524125	0
1004.584730375998	306.8877222309227	0
1004.9724614967744	307.1567140069475	0
1005.3600863626826	307.4256694108352	0
1005.7476050746711	307.6945884501862	0
1006.1350177335587	307.96347113268115	0
1006.5223244400346	308.2323174660807	0
1006.9095252946586	308.50112745822514	0
1007.2966203978606	308.76990111703384	0
1007.6836098499407	309.03863845050495	0
1008.0704937510689	309.3073394667151	0
1008.457272201285	309.5760041738189	0
1008.8439453004988	309.8446325800485	0
1009.2305131484895	310.11322469371333	0
1009.6169758449059	310.38178052319967	0
1010.0033334892663	310.65030007697015	0
1010.3895861809583	310.91878336356353	0
1010.7757340192386	311.18723039159414	0
1011.1617771032331	311.45564116975163	0
1011.5477155319369	311.72401570680046	0
1011.9335494042136	311.99235401157966	0
1012.3192788187962	312.26065609300224	0
1012.704903874286	312.528921960055	0
1013.090424669153	312.79715162179804	0
1013.4758413017361	313.06534508736434	0
1013.8611538702423	313.3335023659594	0
1014.2463624727475	313.601623466861	0
1014.6314672071954	313.86970839941847	0
1015.0164681713985	314.13775717305265	0
1015.4013654630371	314.40576979725535	0
1015.7861591796598	314.67374628158893	0
1016.1708494186831	314.941686635686	0
1016.5554362773919	315.2095908692489	0
1016.9399198529386	315.4774589920496	0
1017.3243002423437	315.745291013929	0
1017.7085775424955	316.0130869447966	0
1018.0927518501501	316.28084679463035	0
1018.4768232619311	316.548570573476	0
1018.8607918743302	316.81625829144684	0
1019.2446577837063	317.0839099587233	0
1019.6284210862862	317.3515255855527	0
1020.0120818781638	317.61910518224846	0
1020.395640255301	317.8866487591902	0
1020.7790963135269	318.1541563268232	0
1021.162450148538	318.4216278956579	0
1021.5457018558984	318.68906347626944	0
1021.9288515310392	318.95646307929775	0
1022.3118992692591	319.2238267154467	0
1022.694845165724	319.49115439548393	0
1023.0776893154672	319.7584461302404	0
1023.460431813389	320.02570193061	0
1023.8430727542573	320.2929218075495	0
1024.2256122327067	320.5601057720775	0
1024.6080503432395	320.8272538352748	0
1024.9903871802248	321.09436600828354	0
1025.3726228378994	321.36144230230695	0
1025.7547574103667	321.62848272860913	0
1026.1367909915973	321.89548729851447	0
1026.5187236754293	322.16245602340734	0
1026.900555555568	322.4293889147319	0
1027.2822867255852	322.69628598399134	0
1027.6639172789205	322.96314724274805	0
1028.0454473088803	323.2299727026227	0
1028.4268769086382	323.49676237529434	0
1028.8082061712353	323.7635162724997	0
1029.1894351895794	324.0302344060331	0
1029.5705640564456	324.29691678774583	0
1029.9515928644764	324.56356342954587	0
1030.3325217061813	324.8301743433977	0
1030.713350673937	325.09674954132174	0
1031.0940798599875	325.3632890353941	0
1031.4747093564442	325.62979283774604	0
1031.8552392552858	325.89626096056395	0
1032.235669648358	326.1626934160887	0
1032.616000627374	326.4290902166154	0
1032.9962322839144	326.695451374493	0
1033.3763647094272	326.96177690212403	0
1033.7563979952276	327.2280668119641	0
1034.1363322324985	327.49432111652163	0
1034.5161675122902	327.7605398283576	0
1034.8959039255205	328.02672296008507	0
1035.2755415629751	328.29287052436877	0
1035.6550805153067	328.55898253392496	0
1036.034520873036	328.8250590015209	0
1036.4138627265513	329.09109993997464	0
1036.7931061661088	329.3571053621545	0
1037.1722512818324	329.623075280979	0
1037.5512981637135	329.8890097094161	0
1037.9302469016118	330.15490866048333	0
1038.3090975852547	330.4207721472472	0
1038.6878503042376	330.6866001828228	0
1039.0665051480241	330.95239278037366	0
1039.445062205946	331.2181499531112	0
1039.8235215672028	331.4838717142946	0
1040.2018833208624	331.74955807723023	0
1040.5801475558612	332.01520905527155	0
1040.9583143610039	332.28082466181866	0
1041.3363838249631	332.54640491031796	0
1041.7143560362806	332.8119498142618	0
1042.0922310833664	333.07745938718836	0
1042.4700090544989	333.3429336426809	0
1042.8476900378253	333.6083725943679	0
1043.2252741213617	333.8737762559223	0
1043.6027613929932	334.1391446410616	0
1043.9801519404732	334.40447776354716	0
1044.3574458514245	334.6697756371842	0
1044.7346432133388	334.93503827582117	0
1045.1117441135773	335.20026569334965	0
1045.4887486393698	335.4654579037039	0
1045.8656568778158	335.73061492086066	0
1046.242468915884	335.99573675883875	0
1046.6191848404128	336.2608234316987	0
1046.9958047381097	336.5258749535426	0
1047.3723286955521	336.7908913385136	0
1047.7487567991875	337.05587260079574	0
1048.1250891353327	337.3208187546135	0
1048.5013257901744	337.58572981423174	0
1048.8774668497697	337.850605793955	0
1049.2535124000453	338.1154467081276	0
1049.6294625267988	338.380252571133	0
1050.005317315697	338.64502339739363	0
1050.3810768522783	338.9097592013707	0
1050.7567412219507	339.1744599975637	0
1051.1323105099932	339.43912580051017	0
1051.507784801555	339.7037566247854	0
1051.8831641816569	339.96835248500213	0
1052.2584487351899	340.2329133958103	0
1052.6336385469162	340.49743937189663	0
1053.0087337014695	340.76193042798445	0
1053.383734283354	341.0263865788333	0
1053.7586403769456	341.2908078392387	0
1054.1334520664916	341.5551942240318	0
1054.5081694361108	341.8195457480792	0
1054.882792569794	342.0838624262824	0
1055.257321551403	342.3481442735779	0
1055.6317564646724	342.6123913049365	0
1056.006097393208	342.8766035353634	0
1056.380344420488	343.14078097989756	0
1056.754497629863	343.4049236536116	0
1057.1285571045557	343.6690315716115	0
1057.5025229276616	343.9331047490364	0
1057.8763951821484	344.1971432010579	0
1058.2501739508566	344.4611469428804	0
1058.6238593164996	344.7251159897405	0
1058.997451361664	344.98905035690655	0
1059.3709501688088	345.2529500596786	0
1059.744355820267	345.5168151133882	0
1060.1176683982442	345.78064553339783	0
1060.4908879848201	346.0444413351009	0
1060.8640146619477	346.30820253392125	0
1061.2370485114536	346.57192914531316	0
1061.6099896150383	346.8356211847608	0
1061.9828380542765	347.09927866777804	0
1062.3555939106166	347.36290160990825	0
1062.7282572653817	347.626490026724	0
1063.100828199769	347.89004393382686	0
1063.4733067948503	348.15356334684685	0
1063.8456931315718	348.41704828144253	0
1064.2179872907548	348.6804987533006	0
1064.5901893530954	348.9439147781355	0
1064.9622993991647	349.2072963716894	0
1065.3343175094092	349.4706435497317	0
1065.7062437641505	349.7339563280589	0
1066.0780782435857	349.9972347224945	0
1066.4498210277875	350.2604787488883	0
1066.8214721967047	350.52368842311654	0
1067.1930318301613	350.78686376108146	0
1067.5645000078582	351.0500047787112	0
1067.9358768093718	351.3131114919593	0
1068.3071623141552	351.5761839168047	0
1068.6783566015376	351.83922206925143	0
1069.0494597507254	352.10222596532816	0
1069.4204718408014	352.36519562108816	0
1069.7913929507251	352.62813105260904	0
1070.1622231593337	352.8910322759925	0
1070.5329625453412	353.1538993073639	0
1070.9036111873388	353.4167321628722	0
1071.2741691637957	353.67953085868993	0
1071.6446365530583	353.9422954110123	0
1072.015013433351	354.20502583605764	0
1072.3852998827763	354.46772215006683	0
1072.7554959793147	354.730384369303	0
1073.125601800825	354.9930125100515	0
1073.4956174250447	355.25560658861957	0
1073.865542929589	355.51816662133604	0
1074.2353783919532	355.78069262455125	0
1074.6051238895102	356.04318461463663	0
1074.9747794995128	356.30564260798457	0
1075.3443452990925	356.56806662100826	0
1075.7138213652606	356.83045667014136	0
1076.0832077749078	357.09281277183777	0
1076.4525046048043	357.35513494257145	0
1076.8217119316002	357.61742319883615	0
1077.190829831826	357.87967755714516	0
1077.559858381892	358.14189803403127	0
1077.9287976580886	358.40408464604633	0
1078.2976477365871	358.6662374097611	0
1078.6664086934393	358.92835634176504	0
1079.035080604578	359.1904414586661	0
1079.4036635458167	359.4524927770905	0
1079.7721575928504	359.7145103136825	0
1080.140562821255	359.9764940851042	0
1080.5088793064879	360.23844410803525	0
1080.8771071238884	360.5003603991728	0
1081.2452463486777	360.7622429752311	0
1081.6132970559586	361.02409185294147	0
1081.9812593207164	361.28590704905184	0
1082.3491332178182	361.5476885803268	0
1082.7169188220141	361.80943646354723	0
1083.0846162079365	362.0711507155102	0
1083.4522254501007	362.3328313530287	0
1083.819746622905	362.5944783929315	0
1084.1871798006312	362.85609185206266	0
1084.5545250574435	363.11767174728186	0
1084.9217824673904	363.37921809546367	0
1085.2889521044037	363.64073091349763	0
1085.6560340422993	363.9022102182881	0
1086.0230283547767	364.1636560267537	0
1086.3899351154198	364.42506835582765	0
1086.7567543976968	364.6864472224571	0
1087.1234862749602	364.94779264360324	0
1087.4901308204476	365.20910463624085	0
1087.8566881072811	365.47038321735835	0
1088.2231582084682	365.7316284039575	0
1088.589541196901	365.99284021305306	0
1088.9558371453577	366.2540186616729	0
1089.3220461265014	366.5151637668576	0
1089.6881682128812	366.7762755456603	0
1090.0542034769321	367.0373540151466	0
1090.420151990975	367.2983991923942	0
1090.7860138272174	367.5594110944928	0
1091.151789057753	367.82038973854407	0
1091.5174777545617	368.08133514166116	0
1091.8830799895109	368.3422473209688	0
1092.2485958343545	368.60312629360294	0
1092.6140253607339	368.86397207671064	0
1092.979368640177	369.1247846874499	0
1093.3446257440999	369.38556414298944	0
1093.7097967438062	369.64631046050846	0
1094.0748817104873	369.9070236571967	0
1094.4398807152222	370.167703750254	0
1094.8047938289787	370.42835075689027	0
1095.1696211226129	370.6889646943252	0
1095.534362666869	370.94954557978826	0
1095.8990185323798	371.21009343051844	0
1096.263588789668	371.470608263764	0
1096.628073509144	371.7310900967824	0
1096.9924727611087	371.99153894684	0
1097.3567866157518	372.25195483121223	0
1097.7210151431525	372.51233776718294	0
1098.0851584132802	372.7726877720446	0
1098.4492164959938	373.03300486309803	0
1098.8131894610426	373.2932890576521	0
1099.1770773780663	373.5535403730238	0
1099.540880316595	373.8137588265379	0
1099.9045983460494	374.0739444355268	0
1100.2682315357413	374.33409721733057	0
1100.6317799548733	374.5942171892965	0
1100.9952436725393	374.8543043687791	0
1101.3586227577246	375.11435877313994	0
1101.7219172793061	375.37438041974747	0
1102.0851273060525	375.6343693259769	0
1102.4482529066245	375.8943255092099	0
1102.811294149575	376.1542489868347	0
1103.1742511033485	376.41413977624563	0
1103.5371238362832	376.67399789484324	0
1103.899912416609	376.933823360034	0
1104.2626169124487	377.1936161892302	0
1104.6252373918187	377.4533763998498	0
1104.9877739226283	377.7131040093161	0
1105.3502265726802	377.972799035058	0
1105.7125954096705	378.2324614945095	0
1106.0748805011892	378.49209140510965	0
1106.4370819147205	378.75168878430236	0
1106.7991997176423	379.01125364953646	0
1107.161233977227	379.27078601826526	0
1107.5231847606417	379.53028590794656	0
1107.8850521349477	379.7897533360426	0
1108.2468361671015	380.0491883200198	0
1108.6085369239545	380.3085908773486	0
1108.9701544722534	380.5679610255033	0
1109.33168887864	380.82729878196204	0
1109.6931402096523	381.0866041642067	0
1110.054508531723	381.34587718972244	0
1110.415793911182	381.60511787599796	0
1110.7769964142542	381.86432624052514	0
1111.1381161070617	382.123502300799	0
1111.4991530556224	382.38264607431734	0
1111.8601073258515	382.64175757858106	0
1112.2209789835604	382.90083683109356	0
1112.5817680944579	383.1598838493608	0
1112.9424747241499	383.4188986508914	0
1113.3030989381398	383.67788125319595	0
1113.6636408018285	383.9368316737874	0
1114.0241003805145	384.1957499301808	0
1114.3844777393945	384.454636039893	0
1114.7447729435632	384.7134900204427	0
1115.1049860580138	384.9723118893502	0
1115.4651171476378	385.2311016641374	0
1115.8251662772252	385.48985936232765	0
1116.185133511465	385.7485850014455	0
1116.5450189149453	386.00727859901673	0
1116.9048225521533	386.2659401725681	0
1117.2645444874756	386.52456973962734	0
1117.6241847851986	386.78316731772304	0
1117.9837435095083	387.04173292438435	0
1118.3432207244903	387.3002665771411	0
1118.7026164941308	387.5587682935235	0
1119.0619308823161	387.81723809106205	0
1119.421163952833	388.0756759872876	0
1119.780315769369	388.3340819997309	0
1120.1393863955122	388.59245614592294	0
1120.4983758947521	388.85079844339435	0
1120.8572843304792	389.10910890967557	0
1121.216111765985	389.3673875622967	0
1121.5748582644635	389.6256344187874	0
1121.9335238890096	389.8838494966767	0
1122.2921087026205	390.1420328134929	0
1122.6506127681953	390.40018438676356	0
1123.0090361485354	390.6583042340153	0
1123.367378906345	390.9163923727737	0
1123.7256411042306	391.1744488205632	0
1124.0838228047016	391.43247359490704	0
1124.4419240701707	391.6904667133271	0
1124.799944962953	391.9484281933438	0
1125.1578855452678	392.20635805247593	0
1125.5157458792376	392.46425630824075	0
1125.8735260268884	392.72212297815366	0
1126.2312260501506	392.9799580797282	0
1126.5888460108583	393.237761630476	0
1126.94638597075	393.4955336479065	0
1127.3038459914685	393.75327414952704	0
1127.6612261345613	394.01098315284275	0
1128.0185264614809	394.2686606753562	0
1128.3757470335843	394.5263067345677	0
1128.732887912134	394.7839213479748	0
1129.0899491582977	395.04150453307244	0
1129.4469308331488	395.2990563073529	0
1129.8038329976662	395.55657668830537	0
1130.1606557127345	395.8140656934163	0
1130.5173990391447	396.07152334016894	0
1130.8740630375937	396.3289496460435	0
1131.230647768685	396.5863446285168	0
1131.5871532929286	396.84370830506253	0
1131.9435796707412	397.1010406931507	0
1132.2999269624463	397.35834181024796	0
1132.656195228275	397.61561167381734	0
1133.0123845283651	397.87285030131807	0
1133.368494922762	398.1300577102057	0
1133.724526471419	398.3872339179318	0
1134.080479234197	398.644378941944	0
1134.4363532708644	398.90149279968597	0
1134.7921486410987	399.15857550859704	0
1135.1478654044852	399.41562708611247	0
1135.5035036205177	399.67264754966305	0
1135.8590633485987	399.9296369166753	0
1136.2145446480397	400.1865952045711	0
1136.569947578061	400.443522430768	0
1136.925272197792	400.70041861267856	0
1137.2805185662723	400.9572837677108	0
1137.63568674245	401.2141179132679	0
1137.9907767851832	401.4709210667481	0
1138.3457887532404	401.72769324554463	0
1138.7007227052995	401.9844344670457	0
1139.0555786999494	402.2411447486342	0
1139.4103567956884	402.4978241076881	0
1139.7650570509263	402.75447256157975	0
1140.1196795239832	403.01109012767625	0
1140.4742242730904	403.26767682333923	0
1140.82869135639	403.5242326659248	0
1141.1830808319355	403.7807576727833	0
1141.537392757692	404.03725186125956	0
1141.8916271915361	404.2937152486925	0
1142.2457841912562	404.5501478524152	0
1142.5998638145525	404.8065496897549	0
1142.9538661190375	405.0629207780327	0
1143.3077911622358	405.3192611345638	0
1143.6616390015852	405.5755707766571	0
1144.015409694435	405.8318497216154	0
1144.3691032980482	406.0880979867351	0
1144.7227198696005	406.34431558930623	0
1145.0762594661805	406.6005025466125	0
1145.4297221447907	406.8566588759311	0
1145.7831079623465	407.11278459453246	0
1146.1364169756773	407.3688797196806	0
1146.4896492415264	407.62494426863265	0
1146.8428048165506	407.8809782586391	0
1147.1958837573213	408.1369817069435	0
1147.5488861203244	408.3929546307825	0
1147.9018119619598	408.6488970473858	0
1148.2546613385423	408.90480897397595	0
1148.6074343063015	409.1606904277685	0
1148.960130921382	409.4165414259718	0
1149.3127512398437	409.67236198578684	0
1149.6652953176617	409.92815212440746	0
1150.0177632107266	410.18391185902	0
1150.3701549748448	410.4396412068034	0
1150.7224706657382	410.6953401849292	0
1151.0747103390452	410.9510088105612	0
1151.4268740503198	411.20664710085566	0
1151.778961855033	411.46225507296117	0
1152.1309738085718	411.71783274401855	0
1152.4829099662397	411.97338013116087	0
1152.8347703832576	412.2288972515132	0
1153.186555114763	412.4843841221928	0
1153.5382642158104	412.7398407603089	0
1153.8898977413721	412.99526718296266	0
1154.2414557463376	413.2506634072472	0
1154.592938285514	413.50602945024747	0
1154.9443454136263	413.76136532904013	0
1155.2956771853173	414.0166710606936	0
1155.6469336551481	414.2719466622681	0
1155.9981148775983	414.52719215081515	0
1156.3492209070653	414.78240754337816	0
1156.7002517978658	415.03759285699186	0
1157.0512076042348	415.29274810868253	0
1157.4020883803266	415.54787331546777	0
1157.7528941802143	415.8029684943565	0
1158.1036250578902	416.058033662349	0
1158.4542810672665	416.31306883643674	0
1158.8048622621743	416.5680740336024	0
1159.155368696365	416.82304927081975	0
1159.5058004235098	417.0779945650537	0
1159.8561574971998	417.33290993326017	0
1160.2064399709461	417.587795392386	0
1160.5566478981807	417.84265095936905	0
1160.9067813322558	418.097476651138	0
1161.2568403264445	418.3522724846123	0
1161.6068249339403	418.6070384767023	0
1161.9567352078582	418.8617746443091	0
1162.3065712012342	419.1164810043243	0
1162.6563329670255	419.3711575736304	0
1163.0060205581108	419.6258043691002	0
1163.3556340272905	419.8804214075972	0
1163.705173427287	420.1350087059755	0
1164.0546388107443	420.3895662810794	0
1164.4040302302285	420.6440941497438	0
1164.7533477382283	420.8985923287939	0
1165.1025913871545	421.1530608350451	0
1165.4517612293405	421.40749968530326	0
1165.8008573170425	421.6619088963644	0
1166.1498797024396	421.91628848501466	0
1166.4988284376338	422.1706384680304	0
1166.8477035746505	422.42495886217796	0
1167.1965051654383	422.67924968421386	0
1167.5452332618693	422.93351095088457	0
1167.893887915739	423.18774267892655	0
1168.2424691787674	423.44194488506616	0
1168.5909771025974	423.6961175860197	0
1168.9394117387972	423.9502607984932	0
1169.2877731388583	424.20437453918265	0
1169.636061354197	424.4584588247737	0
1169.984276436154	424.7125136719417	0
1170.332418435995	424.96653909735176	0
1170.68048740491	425.22053511765864	0
1171.0284833940148	425.4745017495067	0
1171.3764064543498	425.7284390095299	0
1171.7242566368807	425.9823469143516	0
1172.072033992499	426.2362254805848	0
1172.4197385720213	426.49007472483186	0
1172.7673704261906	426.7438946636846	0
1173.1149296056753	426.99768531372433	0
1173.46241616107	427.25144669152155	0
1173.8098301428956	427.5051788136361	0
1174.1571716015992	427.7588816966172	0
1174.5044405875547	428.0125553570032	0
1174.851637151062	428.2661998113217	0
1175.1987613423487	428.5198150760895	0
1175.5458132115684	428.77340116781255	0
1175.8927928088026	429.0269581029858	0
1176.2397001840595	429.28048589809345	0
1176.586535387275	429.53398456960855	0
1176.9332984683122	429.78745413399326	0
1177.279989476962	430.04089460769876	0
1177.6266084629435	430.29430600716506	0
1177.9731554759032	430.5476883488211	0
1178.319630565416	430.8010416490848	0
1178.666033780985	431.05436592436286	0
1179.0123651720414	431.3076611910507	0
1179.3586247879457	431.56092746553276	0
1179.7048126779864	431.81416476418195	0
1180.0509288913809	432.0673731033602	0
1180.3969734772759	432.3205524994179	0
1180.7429464847469	432.5737029686942	0
1181.0888479627988	432.8268245275169	0
1181.434677960366	433.07991719220246	0
1181.7804365263119	433.3329809790558	0
1182.1261237094304	433.5860159043704	0
1182.4717395584446	433.83902198442837	0
1182.8172841220078	434.0919992355003	0
1183.1627574487034	434.3449476738451	0
1183.508159587045	434.5978673157104	0
1183.8534905854765	434.85075817733195	0
1184.1987504923727	435.10362027493403	0
1184.5439393560387	435.35645362472934	0
1184.8890572247103	435.60925824291877	0
1185.2341041465545	435.86203414569167	0
1185.5790801696694	436.1147813492256	0
1185.923985342084	436.3674998696864	0
1186.2688197117593	436.6201897232281	0
1186.613583326587	436.8728509259931	0
1186.9582762343912	437.1254834941117	0
1187.302898482927	437.3780874437026	0
1187.647450119882	437.63066279087263	0
1187.9919311928757	437.8832095517167	0
1188.3363417494595	438.1357277423177	0
1188.6806818371176	438.38821737874684	0
1189.0249515032663	438.6406784770631	0
1189.3691507952544	438.89311105331365	0
1189.713279760364	439.14551512353364	0
1190.0573384458094	439.3978907037462	0
1190.4013268987383	439.65023780996245	0
1190.7452451662314	439.9025564581813	0
1191.0890932953027	440.1548466643898	0
1191.4328713328996	440.4071084445628	0
1191.776579325903	440.659341814663	0
1192.1202173211273	440.9115467906409	0
1192.463785365321	441.16372338843496	0
1192.8072835051664	441.41587162397144	0
1193.1507117872798	441.66799151316434	0
1193.4940702582119	441.9200830719155	0
1193.8373589644475	442.1721463161144	0
1194.1805779524059	442.4241812616384	0
1194.5237272684412	442.6761879243525	0
1194.866806958842	442.9281663201095	0
1195.209817069832	443.1801164647497	0
1195.5527576475697	443.43203837410124	0
1195.8956287381486	443.68393206397985	0
1196.2384303875976	443.93579755018885	0
1196.581162641881	444.1876348485192	0
1196.9238255468986	444.43944397474957	0
1197.2664191484857	444.691224944646	0
1197.6089434924138	444.9429777739623	0
1197.9513986243896	445.19470247843964	0
1198.2937845900565	445.44639907380684	0
1198.6361014349934	445.6980675757802	0
1198.978349204716	445.9497080000636	0
1199.3205279446765	446.2013203623482	0
1199.6626377002633	446.4529046783129	0
1200.0046785168013	446.70446096362383	0
1200.3466504395526	446.95598923393464	0
1200.688553513716	447.20748950488644	0
1201.0303877844274	447.4589617921077	0
1201.3721532967597	447.71040611121424	0
1201.7138500957235	447.9618224778094	0
1202.0554782262664	448.21321090748376	0
1202.3970377332737	448.4645714158153	0
1202.7385286615686	448.71590401836943	0
1203.0799510559116	448.96720873069876	0
1203.4213049610016	449.2184855683432	0
1203.7625904214754	449.4697345468301	0
1204.1038074819078	449.720955681674	0
1204.444956186812	449.97214898837666	0
1204.7860365806398	450.2233144824272	0
1205.1270487077811	450.47445217930203	0
1205.4679926125648	450.72556209446475	0
1205.8088683392587	450.9766442433661	0
1206.1496759320692	451.22769864144414	0
1206.4904154351416	451.47872530412417	0
1206.831086892561	451.7297242468186	0
1207.1716903483511	451.98069548492697	0
1207.5122258464755	452.2316390338362	0
1207.8526934308368	452.4825549089202	0
1208.1930931452775	452.73344312554	0
1208.5334250335802	452.984303699044	0
1208.873689139467	453.23513664476746	0
1209.2138855065996	453.485941978033	0
1209.5540141785807	453.7367197141501	0
1209.8940751989526	453.98746986841564	0
1210.2340686111982	454.2381924561133	0
1210.5739944587408	454.48888749251415	0
1210.9138527849443	454.73955499287604	0
1211.2536436331134	454.99019497244404	0
1211.5933670464933	455.2408074464503	0
1211.9330230682706	455.4913924301139	0
1212.2726117415727	455.7419499386411	0
1212.6121331094685	455.9924799872251	0
1212.9515872149675	456.24298259104626	0
1213.2909741010212	456.4934577652717	0
1213.6302938105227	456.7439055250559	0
1213.9695463863063	456.99432588554	0
1214.3087318711484	457.24471886185233	0
1214.6478503077672	457.49508446910824	0
1214.9869017388228	457.7454227224099	0
1215.3258862069174	457.99573363684664	0
1215.6648037545956	458.2460172274946	0
1216.0036544243444	458.49627350941694	0
1216.342438258593	458.7465024976638	0
1216.681155299713	458.99670420727233	0
1217.0198055900194	459.2468786532665	0
1217.3583891717692	459.4970258506572	0
1217.696906087163	459.74714581444243	0
1218.0353563783437	459.99723855960696	0
1218.3737400873981	460.24730410112255	0
1218.7120572563556	460.49734245394785	0
1219.0503079271894	460.7473536330284	0
1219.3884921418157	460.9973376532967	0
1219.7266099420951	461.24729452967216	0
1220.0646613698311	461.497224277061	0
1220.4026464667713	461.74712691035637	0
1220.7405652746072	461.9970024444384	0
1221.0784178349745	462.246850894174	0
1221.4162041894529	462.49667227441694	0
1221.7539243795661	462.746466600008	0
1222.0915784467825	462.99623388577464	0
1222.4291664325149	463.24597414653135	0
1222.7666883781208	463.49568739707945	0
1223.104144324902	463.7453736522071	0
1223.4415343141059	463.99503292668925	0
1223.7788583869237	464.24466523528787	0
1224.1161165844924	464.4942705927516	0
1224.4533089478937	464.7438490138161	0
1224.790435518155	464.9934005132037	0
1225.1274963362487	465.2429251056237	0
1225.4644914430928	465.49242280577226	0
1225.8014208795507	465.74189362833226	0
1226.1382846864317	465.99133758797353	0
1226.4750829044906	466.24075469935264	0
1226.8118155744282	466.49014497711306	0
1227.1484827368915	466.73950843588506	0
1227.4850844324733	466.9888450902858	0
1227.8216207017126	467.23815495491914	0
1228.1580915850948	467.4874380443759	0
1228.4944971230518	467.73669437323366	0
1228.8308373559619	467.9859239560568	0
1229.16711232415	468.23512680739657	0
1229.5033220678877	468.48430294179104	0
1229.8394666273934	468.7334523737651	0
1230.1755460428328	468.9825751178304	0
1230.5115603543181	469.23167118848545	0
1230.8475096019092	469.48074060021565	0
1231.1833938256127	469.7297833674931	0
1231.519213065383	469.97879950477676	0
1231.8549673611215	470.2277890265124	0
1232.1906567526776	470.4767519471327	0
1232.526281279848	470.72568828105705	0
1232.8618409823773	470.97459804269164	0
1233.197335899958	471.22348124642957	0
1233.5327660722307	471.47233790665075	0
1233.868131538784	471.7211680377218	0
1234.203432339154	471.96997165399625	0
1234.5386685128262	472.21874876981445	0
1234.8738400992338	472.4674993995036	0
1235.2089471377583	472.7162235573776	0
1235.5439896677303	472.9649212577373	0
1235.8789677284287	473.21359251487024	0
1236.2138813590814	473.46223734305096	0
1236.548730598865	473.7108557565407	0
1236.883515486905	473.9594477695876	0
1237.2182360622762	474.2080133964265	0
1237.5528923640024	474.45655265127925	0
1237.887484431057	474.7050655483544	0
1238.222012302362	474.9535521018474	0
1238.5564760167897	475.2020123259405	0
1238.8908756131616	475.45044623480277	0
1239.225211130249	475.6988538425902	0
1239.5594826067725	475.94723516344555	0
1239.893690081403	476.1955902114985	0
1240.2278335927615	476.44391900086544	0
1240.5619131794185	476.6922215456498	0
1240.895928879895	476.9404978599416	0
1241.2298807326624	477.18874795781807	0
1241.5637687761418	477.436971853343	0
1241.8975930487056	477.6851695605671	0
1242.231353588676	477.93334109352804	0
1242.5650504343264	478.1814864662503	0
1242.8986836238803	478.42960569274527	0
1243.2322531955126	478.6776987870111	0
1243.565759187349	478.92576576303287	0
1243.8992016374657	479.17380663478264	0
1244.2325805838907	479.42182141621925	0
1244.5658960646028	479.6698101212884	0
1244.8991481175324	479.91777276392276	0
1245.2323367805607	480.16570935804185	0
1245.5654620915209	480.41361991755207	0
1245.8985240881977	480.6615044563468	0
1246.2315228083273	480.9093629883062	0
1246.5644582895977	481.1571955272975	0
1246.897330569649	481.40500208717475	0
1247.230139686073	481.6527826817789	0
1247.5628856764133	481.9005373249378	0
1247.8955685781661	482.1482660304663	0
1248.2281884287797	482.39596881216613	0
1248.5607452656548	482.643645683826	0
1248.893239126144	482.8912966592215	0
1249.225670047553	483.13892175211527	0
1249.5580380671397	483.38652097625675	0
1249.890343222115	483.63409434538244	0
1250.2225855496422	483.8816418732158	0
1250.5547650868377	484.12916357346717	0
1250.8868818707708	484.37665945983395	0
1251.2189359384638	484.62412954600046	0
1251.5509273268924	484.871573845638	0
1251.882856072985	485.1189923724049	0
1252.2147222136239	485.3663851399464	0
1252.5465257856442	485.61375216189475	0
1252.878266825835	485.8610934518693	0
1253.2099453709386	486.1084090234763	0
1253.5415614576511	486.3556988903091	0
1253.8731151226227	486.60296306594796	0
1254.2046064024569	486.85020156396024	0
1254.5360353337114	487.0974143979003	0
1254.8674019528978	487.3446015813095	0
1255.198706296482	487.5917631277163	0
1255.5299484008838	487.8388990506362	0
1255.8611283024777	488.08600936357175	0
1256.1922460375922	488.3330940800125	0
1256.5233016425104	488.5801532134351	0
1256.8542951534698	488.8271867773033	0
1257.1852266066628	489.07419478506796	0
1257.5160960382364	489.3211772501669	0
1257.8469034842922	489.5681341860251	0
1258.177648980887	489.81506560605465	0
1258.5083325640321	490.06197152365473	0
1258.8389542696946	490.3088519522116	0
1259.169514133796	490.5557069050987	0
1259.5000121922133	490.80253639567655	0
1259.830448480779	491.04934043729276	0
1260.160823035281	491.29611904328215	0
1260.4911358914624	491.54287222696667	0
1260.8213870850218	491.78960000165534	0
1261.1515766516138	492.03630238064443	0
1261.4817046268486	492.2829793772174	0
1261.8117710462923	492.5296310046447	0
1262.1417759454664	492.77625727618425	0
1262.4717193598492	493.02285820508087	0
1262.8016013248744	493.2694338045667	0
1263.1314218759321	493.51598408786106	0
1263.4611810483686	493.7625090681706	0
1263.7908788774866	494.00900875868894	0
1264.120515398545	494.2554831725971	0
1264.4500906467592	494.50193232306333	0
1264.7796046573017	494.74835622324304	0
1265.1090574653008	494.9947548862789	0
1265.438449105842	495.24112832530085	0
1265.7677796139676	495.4874765534261	0
1266.0970490246766	495.7337995837592	0
1266.4262573729252	495.98009742939183	0
1266.7554046936264	496.22637010340304	0
1267.0844910216506	496.47261761885915	0
1267.4135163918252	496.7188399888138	0
1267.7424808389349	496.96503722630786	0
1268.0713843977217	497.21120934436965	0
1268.4002271028853	497.4573563560147	0
1268.7290089890828	497.703478274246	0
1269.0577300909288	497.94957511205365	0
1269.3863904429957	498.19564688241536	0
1269.7149900798136	498.44169359829607	0
1270.0435290358705	498.68771527264806	0
1270.3720073456125	498.93371191841106	0
1270.7004250434431	499.1796835485122	0
1271.0287821637246	499.4256301758658	0
1271.357078740777	499.67155181337387	0
1271.685314808879	499.9174484739256	0
1272.0134904022668	500.16332017039775	0
1272.3416055551359	500.4091669156544	0
1272.6696603016394	500.6549887225471	0
1272.9976546758896	500.90078560391487	0
1273.3255887119574	501.14655757258413	0
1273.6534624438718	501.3923046413688	0
1273.9812759056215	501.6380268230703	0
1274.309029131153	501.8837241304774	0
1274.6367221543726	502.1293965763665	0
1274.9643550091453	502.37504417350146	0
1275.291927729295	502.6206669346336	0
1275.6194403486047	502.8662648725018	0
1275.9468929008171	503.1118379998324	0
1276.274285419634	503.35738632933936	0
1276.6016179387163	503.6029098737241	0
1276.9288904916848	503.84840864567565	0
1277.2561031121195	504.09388265787055	0
1277.58325583356	504.339331922973	0
1277.9103486895058	504.5847564536346	0
1278.237381713416	504.8301562624948	0
1278.5643549387096	505.07553136218047	0
1278.8912683987655	505.32088176530607	0
1279.2181221269227	505.56620748447375	0
1279.54491615648	505.81150853227325	0
1279.8716505206962	506.056784921282	0
1280.198325252791	506.30203666406493	0
1280.5249403859434	506.5472637731748	0
1280.8514959532936	506.79246626115196	0
1281.1779919879416	507.03764414052443	0
1281.5044285229483	507.2827974238079	0
1281.830805591335	507.5279261235058	0
1282.1571232260837	507.7730302521092	0
1282.483381460137	508.01810982209696	0
1282.8095803263984	508.2631648459356	0
1283.135719857732	508.5081953360793	0
1283.4618000869632	508.7532013049702	0
1283.787821046878	508.99818276503805	0
1284.113782770224	509.2431397287003	0
1284.4396852897091	509.4880722083623	0
1284.7655286380034	509.73298021641716	0
1285.0913128477373	509.97786376524573	0
1285.4170379515033	510.22272286721665	0
1285.7427039818551	510.4675575346864	0
1286.0683109713077	510.71236777999934	0
1286.3938589523377	510.9571536154876	0
1286.7193479573837	511.2019150534711	0
1287.0447780188454	511.4466521062578	0
1287.3701491690847	511.69136478614325	0
1287.6954614404253	511.93605310541113	0
1288.0207148651527	512.1807170763328	0
1288.3459094755144	512.4253567111678	0
1288.67104530372	512.669972022163	0
1288.996122381941	512.9145630215539	0
1289.3211407423114	513.1591297215635	0
1289.6461004169273	513.4036721344029	0
1289.971001437847	513.6481902722709	0
1290.2958438370913	513.8926841473544	0
1290.6206276466435	514.1371537718285	0
1290.9453528984493	514.3815991578559	0
1291.270019624417	514.6260203175876	0
1291.594627856418	514.8704172631624	0
1291.9191776262855	515.114790006707	0
1292.2436689658166	515.3591385603364	0
1292.5681019067704	515.6034629361535	0
1292.8924764808694	515.8477631462492	0
1293.2167927197988	516.0920392027026	0
1293.541050655207	516.3362911175807	0
1293.8652503187056	516.5805189029385	0
1294.1893917418693	516.8247225708193	0
1294.5134749562358	517.0689021332545	0
1294.8374999933064	517.3130576022634	0
1295.1614668845461	517.5571889898534	0
1295.485375661383	517.8012963080204	0
1295.8092263552085	518.045379568748	0
1296.133018997378	518.2894387840082	0
1296.4567536192105	518.5334739657611	0
1296.7804302519887	518.7774851259549	0
1297.1040489269587	519.021472276526	0
1297.427609675331	519.2654354293991	0
1297.7511125282797	519.509374596487	0
1298.0745575169428	519.7532897896906	0
1298.3979446724227	519.9971810208993	0
1298.7212740257855	520.2410483019906	0
1299.0445456080618	520.4848916448302	0
1299.367759450246	520.7287110612721	0
1299.6909155832975	520.9725065631584	0
1300.0140140381393	521.2162781623198	0
1300.3370548456594	521.4600258705751	0
1300.66003803671	521.7037496997314	0
1300.9829636421077	521.9474496615841	0
1301.3058316926345	522.191125767917	0
1301.628642219036	522.4347780305021	0
1301.951395252023	522.6784064610999	0
1302.2740908222715	522.9220110714592	0
1302.5967289604218	523.1655918733171	0
1302.9193096970794	523.4091488783992	0
1303.2418330628145	523.6526820984192	0
1303.564299088163	523.8961915450795	0
1303.886707803625	524.139677230071	0
1304.2090592396667	524.3831391650727	0
1304.5313534267189	524.6265773617523	0
1304.853590395178	524.8699918317657	0
1305.1757701754052	525.1133825867573	0
1305.4978927977281	525.3567496383602	0
1305.819958292439	525.6000929981957	0
1306.1419666897962	525.8434126778737	0
1306.4639180200231	526.0867086889928	0
1306.7858123133094	526.3299810431397	0
1307.10764959981	526.5732297518899	0
1307.4294299096457	526.8164548268074	0
1307.7511532729031	527.0596562794449	0
1308.0728197196352	527.3028341213432	0
1308.3944292798603	527.545988364032	0
1308.715981983563	527.7891190190297	0
1309.0374778606943	528.032226097843	0
1309.3589169411705	528.2753096119673	0
1309.6802992548749	528.5183695728866	0
1310.0016248316567	528.7614059920737	0
1310.3228937013319	529.0044188809898	0
1310.644105893682	529.2474082510848	0
1310.9652614384556	529.4903741137974	0
1311.2863603653677	529.7333164805549	0
1311.6074027040997	529.9762353627731	0
1311.9283884842998	530.2191307718567	0
1312.2493177355827	530.4620027191992	0
1312.5701904875298	530.7048512161824	0
1312.8910067696893	530.9476762741773	0
1313.2117666115766	531.1904779045434	0
1313.5324700426736	531.433256118629	0
1313.8531170924293	531.676010927771	0
1314.1737077902596	531.9187423432954	0
1314.4942421655478	532.1614503765168	0
1314.8147202476441	532.4041350387384	0
1315.1351420658657	532.6467963412528	0
1315.4555076494973	532.8894342953406	0
1315.7758170277912	533.1320489122719	0
1316.0960702299662	533.3746402033054	0
1316.4162672852094	533.6172081796886	0
1316.736408222675	533.8597528526581	0
1317.0564930714845	534.102274233439	0
1317.3765218607275	534.3447723332455	0
1317.6964946194607	534.5872471632808	0
1318.0164113767091	534.8296987347369	0
1318.3362721614649	535.0721270587946	0
1318.6560770026883	535.314532146624	0
1318.9758259293076	535.5569140093836	0
1319.2955189702186	535.7992726582214	0
1319.6151561542854	536.0416081042741	0
1319.9347375103398	536.2839203586675	0
1320.2542630671821	536.5262094325162	0
1320.5737328535806	536.768475336924	0
1320.8931468982719	537.0107180829835	0
1321.2125052299602	537.2529376817766	0
1321.531807877319	537.4951341443741	0
1321.8510548689892	537.7373074818358	0
1322.170246233581	537.9794577052107	0
1322.4893819996726	538.2215848255368	0
1322.8084621958105	538.4636888538411	0
1323.1274868505102	538.7057698011398	0
1323.4464559922556	538.9478276784382	0
1323.7653696494992	539.1898624967307	0
1324.0842278506627	539.4318742670009	0
1324.4030306241361	539.6738630002214	0
1324.7217779982784	539.9158287073542	0
1325.0404700014176	540.1577713993502	0
1325.3591066618505	540.3996910871496	0
1325.677688007843	540.6415877816818	0
1325.99621406763	540.8834614938654	0
1326.3146848694155	541.1253122346081	0
1326.6331004413728	541.3671400148072	0
1326.9514608116442	541.6089448453487	0
1327.2697660083413	541.8507267371082	0
1327.5880160595452	542.0924857009505	0
1327.9062109933063	542.3342217477297	0
1328.2243508376444	542.575934888289	0
1328.5424356205485	542.8176251334612	0
