-500.0	0.0	0
-499.19979478574766	0.3999999463717413	0
-498.3991782839567	0.7999995699433263	0
-497.59814920150563	1.1999985450675694	0
-496.7967062391489	1.5999965429639549	0
-495.9948480914798	1.9999932316881102	0
-495.1925734468932	2.399988276100948	0
-494.3898809875478	2.7999813378374734	0
-493.58676938932825	3.1999720752752525	0
-492.7832373218069	3.599960143502536	0
-491.9792834482054	3.9999451942860382	0
-491.1749064253561	4.399926876038363	0
-490.37010490366276	4.799904833785075	0
-489.5648775270617	5.199878709131409	0
-488.7592229329818	5.599848140228613	0
-487.95313975230493	5.999812761739934	0
-487.1466266093259	6.399772204806209	0
-486.3396821217118	6.799726097011101	0
-485.53230490046155	7.199674062345936	0
-484.72449354986486	7.599615721174161	0
-483.91624666746094	7.999550690195406	0
-483.107562843997	8.399478582409149	0
-482.2984406633863	8.799399007077982	0
-481.48887870266617	9.199311569690472	0
-480.6788755319554	9.599215871923601	0
-479.86842971441155	9.999111511604795	0
-479.05753980618795	10.398998082673538	0
-478.24620435639036	10.798875175142545	0
-477.4344219070332	11.198742375058512	0
-476.6221909929956	11.598599264462424	0
-475.8095101419773	11.99844542134942	0
-474.99637787445374	12.398280419628213	0
-474.18279270363143	12.79810382908005	0
-473.3687531354026	13.197915215317213	0
-472.55425766829956	13.597714139741056	0
-471.739304793449	13.997500159499573	0
-470.92389299452566	14.39727282744448	0
-470.10802074770584	14.79703169208782	0
-469.2916865216205	15.196776297558078	0
-468.4748887773081	15.596506183555794	0
-467.6576259681671	15.996220885308684	0
-466.83989653990807	16.395919933526244	0
-466.02169893050547	16.79560285435384	0
-465.20303157014905	17.19526916932629	0
-464.38389288119504	17.594918395320885	0
-463.56428127811694	17.994550044509918	0
-462.7441951674558	18.394163624312643	0
-461.9236329477704	18.79375863734669	0
-461.1025930095869	19.193334581378934	0
-460.2810737353481	19.592890949275795	0
-459.4590734993628	19.992427228952963	0
-458.63659066775386	20.39194290332456	0
-457.81362359840693	20.79143745025171	0
-456.9901706409182	21.190910342490515	0
-456.16623013654186	21.590361047639437	0
-455.3418004181373	21.989789028086065	0
-454.51687981011605	22.38919374095329	0
-453.6914666283879	22.788574638044814	0
-452.8655591803072	23.187931165790083	0
-452.03915576461833	23.58726276518854	0
-451.2122546714012	23.986568871753246	0
-450.38485418201583	24.385848915453842	0
-449.55695256904704	24.78510232065886	0
-448.7285480962485	25.184328506077346	0
-447.8996390184866	25.583526884699804	0
-447.07022358168336	25.982696863738465	0
-446.24030002275987	26.381837844566835	0
-445.4098665695784	26.780949222658553	0
-444.57892144088476	27.180030387525527	0
-443.7474628462498	27.57908072265534	0
-442.9154889860109	27.97809960544793	0
-442.0829980512129	28.3770864071515	0
-441.2499882235482	28.7760404927977	0
-440.41645767529735	29.174961221136048	0
-439.5824045692683	29.573847944567536	0
-438.74782705873577	29.9727000090775	0
-437.91272328738006	30.371516754167654	0
-437.0770913892254	30.77029751278735	0
-436.24092948857793	31.169041611263996	0
-435.4042356999632	31.567748369232657	0
-434.56700812806315	31.96641709956483	0
-433.729244867653	32.365047108296345	0
-432.89094400353724	32.763637694554426	0
-432.05210361048546	33.16218815048387	0
-431.2127217531678	33.56069776117235	0
-430.3727964860896	33.9591658045748	0
-429.5323258535262	34.35759155143695	0
-428.6913078894564	34.75597426521784	0
-427.84974061749665	35.15431320201152	0
-427.00762205083345	35.55260761046774	0
-426.16495019215654	35.950856731711674	0
-425.3217230335908	36.34905979926272	0
-424.477938556628	36.747216038952274	0
-423.63359473205793	37.145324668840544	0
-422.78868951989944	37.543384899132334	0
-421.9432208693305	37.941395932091815	0
-421.09718671861816	38.33935696195624	0
-420.2505849950479	38.73726717484866	0
-419.4034136148526	39.135125748689504	0
-418.5556704831407	39.532931853107144	0
-417.7073534938245	39.93068464934735	0
-416.8584605295473	40.3283832901816	0
-416.0089894616106	40.726026919814316	0
-415.15893814990045	41.12361467378896	0
-414.30830444281355	41.521145678892914	0
-413.45708617718265	41.9186190530613	0
-412.6052811782017	42.31603390527951	0
-411.7528872593504	42.713389335484585	0
-410.8999022223181	43.11068443446539	0
-410.0463238569273	43.507918283761526	0
-409.1921499410571	43.905089955560996	0
-408.3373782405653	44.30219851259662	0
-407.4820065092106	44.69924300804115	0
-406.62603248857425	45.096222485401114	0
-405.769453907981	45.49313597840927	0
-404.91226848441966	45.8899825109158	0
-404.0544739224631	46.28676109677811	0
-403.19606791418784	46.68347073974925	0
-402.337048139093	47.08011043336496	0
-401.4774122640189	47.47667916082929	0
-400.6171579430649	47.87317589489879	0
-399.7562828175072	48.26959959776525	0
-398.8947845157154	48.66594922093696	0
-398.0326606530693	49.06222370511849	0
-397.16990883187464	49.45842198008895	0
-396.30652664127865	49.85454296457873	0
-395.442511657185	50.25058556614463	0
-394.577861442168	50.64654868104352	0
-393.71257354538676	51.042431194104275	0
-392.8466455024983	51.438231978598196	0
-391.9800748355706	51.83394989610771	0
-391.11285905299485	52.229583796393456	0
-390.2449956493973	52.62513251725966	0
-389.3764821055505	53.0205948844178	0
-388.5073158882842	53.415969711348524	0
-387.6374944503956	53.81125579916184	0
-386.7670152305589	54.20645193645548	0
-385.89587565323495	54.60155689917147	0
-385.0240731285796	54.996569450450885	0
-384.15160505235207	55.39148834048671	0
-383.2784688058228	55.78631230637484	0
-382.4046617556803	56.18104007196313	0
-381.5301812539382	56.575670347698576	0
-380.6550246378413	56.97020183047244	0
-379.7791892297711	57.36463320346343	0
-378.9026723371511	57.75896313597886	0
-378.0254712523516	58.153190283293746	0
-377.14758325259373	58.547313286487814	0
-376.2690055998531	58.94133077228041	0
-375.38973554076296	59.335241352863264	0
-374.5097703065171	59.729043625731094	0
-373.6291071127719	60.122736173510006	0
-372.747743159548	60.51631756378364	0
-371.8656756311317	60.90978634891709	0
-370.98290169597556	61.30314106587851	0
-370.09941850659885	61.6963802360584	0
-369.2152231994873	62.08950236508652	0
-368.3303128949924	62.48250594264639	0
-367.4446846972304	62.87538944228745	0
-366.5583356939807	63.26815132123465	0
-365.671262956584	63.660790020195606	0
-364.78346353983943	64.0533039631652	0
-363.8949344819022	64.44569155722768	0
-363.00567280418	64.83795119235597	0
-362.1156755112292	65.23008124120861	0
-361.22493959065093	65.62208005892377	0
-360.33346201298633	66.01394598291071	0
-359.44123973161163	66.40567733263838	0
-358.54826968263285	66.79727240942128	0
-357.65454878477993	67.18872949620253	0
-356.7600739393007	67.58004685733391	0
-355.8648420298544	67.97122273835318	0
-354.96884992240473	68.36225536575829	0
-354.0720944651127	68.75314294677864	0
-353.1745724882291	69.14388366914336	0
-352.27628080398665	69.53447570084641	0
-351.37721620649177	69.9249171899086	0
-350.477375471616	70.31520626413639	0
-349.5767553568875	70.70534103087759	0
-348.6753526013815	71.09531957677365	0
-347.77316392561164	71.48513996750867	0
-346.8701860314197	71.8748002475552	0
-345.9664156018662	72.26429843991637	0
-345.06184930112016	72.65363254586482	0
-344.156483774349	73.04280054467796	0
-343.2503156476079	73.43180039336973	0
-342.3433415277293	73.82063002641877	0
-341.4355580022121	74.20928735549293	0
-340.52696163911054	74.59777026917004	0
-339.61754898692345	74.98607663265493	0
-338.7073165744829	75.37420428749265	0
-337.79626091084293	75.76215105127783	0
-336.8843784851684	76.14991471736005	0
-335.9716657666234	76.53749305454535	0
-335.05811920426015	76.92488380679356	0
-334.14373522690744	77.31208469291165	0
-333.2285102430593	77.69909340624285	0
-332.3124406407638	78.08590761435161	0
-331.3955227875117	78.47252495870428	0
-330.47775303012554	78.85894305434542	0
-329.5591276946484	79.24515948956973	0
-328.6396430862332	79.6311718255896	0
-327.71929548903216	80.01697759619802	0
-326.7980811660861	80.40257430742696	0
-325.8759963592145	80.78795943720114	0
-324.95303728890553	81.17313043498703	0
-324.0292001542063	81.5580847214371	0
-323.10448113261396	81.9428196880292	0
-322.1788763799664	82.32733269670105	0
-321.2523820303342	82.71162107947971	0
-320.3249941959124	83.09568213810604	0
-319.396708966913	83.47951314365399	0
-318.4675224114582	83.86311133614471	0
-317.53743057547376	84.2464739241554	0
-316.6064294825834	84.62959808442275	0
-315.6745151340036	85.01248096144111	0
-314.7416835084393	85.39511966705496	0
-313.80793056198	85.77751128004596	0
-312.8732522279974	86.15965284571429	0
-311.93764441704286	86.54154137545429	0
-311.00110301674664	86.92317384632425	0
-310.0636238917177	87.30454720061033	0
-309.1252028834447	87.68565834538452	0
-308.18583581019755	88.06650415205658	0
-307.245518466931	88.44708145591972	0
-306.30424662518857	88.8273870556902	0
-305.3620160330082	89.20741771304057	0
-304.41882241482904	89.58717015212648	0
-303.47466147139954	89.96664105910705	0
-302.52952887968735	90.34582708165868	0
-301.58342029279015	90.72472482848221	0
-300.63633133984877	91.10333086880325	0
-299.68825762596117	91.48164173186578	0
-298.739194732099	91.85965390641874	0
-297.7891382150252	92.23736384019566	0
-296.8380836072141	92.6147679393871	0
-295.8860264167732	92.99186256810592	0
-294.93296212736675	93.36864404784528	0
-293.97888619814233	93.74510865692913	0
-293.0237940636587	94.1212526299553	0
-292.0676811338167	94.49707215723087	0
-291.11054279379186	94.8725633842	0
-290.15237440397055	95.24772241086382	0
-289.1931712998878	95.62254529119241	0
-288.23292879216837	95.9970280325289	0
-287.2716421664705	96.37116659498537	0
-286.30930668343257	96.74495689083048	0
-285.34591757862313	97.11839478386892	0
-284.38147006249363	97.4914760888123	0
-283.41595932033493	97.86419657064162	0
-282.4493805122368	98.23655194396099	0
-281.4817287730514	98.6085378723427	0
-280.51299921236	98.98014996766338	0
-279.5431869144441	99.35138378943121	0
-278.57228693825994	99.72223484410402	0
-277.60029431741725	100.09269858439829	0
-276.6272040601627	100.46277040858875	0
-275.65301114936693	100.83244565979861	0
-274.67771054251705	101.20171962528028	0
-273.70129717171307	101.57058753568646	0
-272.7237659436696	101.93904456433147	0
-271.7451117397227	102.30708582644266	0
-270.76532941584145	102.67470637840196	0
-269.7844138026456	103.04190121697725	0
-268.802359705428	103.40866527854354	0
-267.81916190418366	103.77499343829383	0
-266.83481515364394	104.14088050943961	0
-265.8493141833176	104.50632124240065	0
-264.86265369753744	104.87131032398428	0
-263.8748283755145	105.23584237655382	0
-262.88583287139784	105.59991195718614	0
-261.89566181434253	105.96351355681816	0
-260.90430980858383	106.3266415993823	0
-259.91177143351945	106.68929044093066	0
-258.9180412437993	107.05145436874783	0
-257.92311376942314	107.41312760045227	0
-256.9269835158464	107.77430428308614	0
-255.92964496409468	108.13497849219338	0
-254.93109257088645	108.49514423088608	0
-253.93132076876532	108.85479542889884	0
-252.93032396624108	109.21392594163125	0
-251.92809654794053	109.57252954917816	0
-250.9246328747681	109.93059995534777	0
-249.9199272840765	110.2881307866674	0
-248.91397408984784	110.64511559137681	0
-247.9067675828856	111.00154783840902	0
-246.89830203101758	111.35742091635855	0
-245.88857167931013	111.71272813243684	0
-244.8775707502944	112.06746271141493	0
-243.86529344420453	112.4216177945533	0
-242.85173393922813	112.7751864385186	0
-241.83688639176987	113.12816161428741	0
-240.82074493672803	113.4805362060368	0
-239.8033036877848	113.83230301002173	0
-238.78455673771026	114.18345473343904	0
-237.76449815868116	114.53398399327816	0
-236.74312200261403	114.88388331515839	0
-235.72042230151374	115.23314513215263	0
-234.6963930678377	115.5817617835976	0
-233.67102829487607	115.92972551389043	0
-232.6443219571485	116.27702847127163	0
-231.6162680108179	116.62366270659436	0
-230.5868603941217	116.96962017207996	0
-229.556093027821	117.31489272005977	0
-228.52395981566835	117.65947210170314	0
-227.49045464489424	118.00334996573169	0
-226.4555713867133	118.3465178571197	0
-225.41930389685047	118.68896721578083	0
-224.38164601608764	119.03068937524097	0
-223.34259157083167	119.37167556129732	0
-222.30213437370375	119.71191689066379	0
-221.26026822415142	120.05140436960261	0
-220.21698690908318	120.39012889254239	0
-219.17228420352677	120.72808124068253	0
-218.1261538713115	121.065252080584	0
-217.0785896657753	121.40163196274685	0
-216.02958533049724	121.73721132017418	0
-214.97913460005603	122.07198046692301	0
-213.92723120081536	122.40592959664181	0
-212.87386885173657	122.73904878109522	0
-211.81904126521954	123.07132796867573	0
-210.76274214797235	123.40275698290274	0
-209.7049652019106	123.73332552090908	0
-208.64570412508704	124.06302315191508	0
-207.58495261265227	124.39183931569066	0
-206.52270435784743	124.71976332100539	0
-205.45895305302935	125.0467843440669	0
-204.39369239072943	125.37289142694787	0
-203.32691606474657	125.69807347600201	0
-202.25861777127548	126.02231926026901	0
-201.18879121007078	126.34561740986922	0
-200.11743008564798	126.66795641438796	0
-199.04452810852234	126.98932462125028	0
-197.9700789964862	127.30971023408617	0
-196.89407647592589	127.62910131108691	0
-195.8165142831792	127.94748576335284	0
-194.7373861659341	128.26485135323315	0
-193.65668588467003	128.58118569265812	0
-192.57440721414216	128.89647624146437	0
-191.49054394491048	129.21071030571363	0
-190.40508988491376	129.52387503600576	0
-189.31803886108997	129.8359574257865	0
-188.22938472104417	130.14694430965056	0
-187.1391213347646	130.45682236164117	0
-186.04724259638832	130.76557809354617	0
-184.95374242601724	131.07319785319186	0
-183.85861477158582	131.37966782273546	0
-182.7618536107814	131.68497401695666	0
-181.66345295301815	131.98910228154952	0
-180.5634068414661	132.29203829141542	0
-179.4617093551359	132.59376754895814	0
-178.3583546110208	132.89427538238215	0
-177.2533367662968	133.19354694399496	0
-176.1466500205823	133.491567208515	0
-175.03828861825804	133.7883209713858	0
-173.92824685084875	134.08379284709798	0
-172.81651905946774	134.37796726752032	0
-171.70309963732535	134.67082848024094	0
-170.58798303230253	134.96236054692042	0
-169.47116374959074	135.2525473416579	0
-168.35263635439935	135.541372549372	0
-167.23239547473145	135.82881966419774	0
-166.1104358042297	136.11487198790152	0
-164.9867521050929	136.39951262831562	0
-163.86133921106477	136.6827244977938	0
-162.73419203049568	136.96449031169024	0
-161.60530554947897	137.24479258686338	0
-160.4746748350626	137.52361364020678	0
-159.3422950385373	137.80093558720895	0
-158.20816139880233	138.0767403405444	0
-157.07226924581008	138.35100960869792	0
-155.9346140040901	138.62372489462444	0
-154.79519119635412	138.89486749444683	0
-153.65399644718272	139.164418496194	0
-152.51102548679467	139.432358778582	0
-151.36627415489986	139.69866900984027	0
-150.2197384046369	139.9633296465863	0
-149.07141430659593	140.22632093275087	0
-147.92129805292763	140.4876228985572	0
-146.76938596153929	140.74721535955663	0
-145.61567448037846	141.005077915724	0
-144.460160191805	141.26118995061572	0
-143.3028398170519	141.51553063059384	0
-142.14371022077594	141.7680789041195	0
-140.98276841569793	142.0188135011188	0
-139.8200115673336	142.26771293242504	0
-138.65543699881513	142.51475548930037	0
-137.4890421958036	142.75991924304108	0
-136.32082481149266	143.00318204466984	0
-135.15078267170347	143.24452152471903	0
-133.97891378007068	143.4839150931089	0
-132.8052163233198	143.72133993912465	0
-131.6296886766351	143.9567730314968	0
-130.45232940911853	144.1901911185887	0
-129.27313728933822	144.42157072869574	0
-128.09211129096704	144.65088817046063	0
-126.90925059850963	144.8781195334091	0
-125.72455461311765	145.10324068861078	0
-124.53802295849192	145.32622728946995	0
-123.34965548687065	145.54705477265057	0
-122.15945228510202	145.7656983591407	0
-120.96741368080025	145.98213305546136	0
-119.77354024858295	146.1963336550242	0
-118.5778328163884	146.40827473964367	0
-117.38029247187062	146.61793068120835	0
-116.18092056886996	146.82527564351676	0
-114.9797187339571	147.0302835842829	0
-113.77668887304759	147.23292825731662	0
-112.57183317808443	147.43318321488417	0
-111.36515413378552	147.63102181025437	0
-110.15665452445276	147.82641720043569	0
-108.9463374408394	148.0193423491094	0
-107.73420628707196	148.20977002976463	0
-106.52026478762261	148.39767282904026	0
-105.30451699432805	148.58302315027936	0
-104.08696729345021	148.7657932173014	0
-102.86762041277407	148.94595507839747	0
-101.64648142873777	149.12348061055422	0
-100.42355577358947	149.29834152391115	0
-99.19884924256556	149.4705093664571	0
-97.97236800108433	149.63995552897055	0
-96.74411859194882	149.80665125020911	0
-95.51410794255256	149.9705676223529	0
-94.2823433720813	150.13167559670674	0
-93.04883259870371	150.289945989666	0
-91.8135837467437	150.44534948895023	0
-90.57660535382654	150.5978566601095	0
-89.33790637799088	150.7474379533071	0
-88.09749620475829	150.89406371038308	0
-86.85538465415165	151.03770417220213	0
-85.61158198765347	151.17832948628939	0
-84.36609891509474	151.31590971475765	0
-83.1189466014649	151.45041484252883	0
-81.87013667363284	151.5818147858524	0
-80.61968122696875	151.71007940112347	0
-79.3675928318564	151.83517849400235	0
-78.11388454008491	151.95708182883746	0
-76.85856989110898	152.0757591383929	0
-75.60166291816611	152.1911801338816	0
-74.34317815423931	152.3033145153048	0
-73.08313063785316	152.41213198209778	0
-71.82153591869128	152.51760224408142	0
-70.5584100630227	152.61969503271902	0
-69.29376965892446	152.71838011267675	0
-68.02763182128776	152.8136272936861	0
-66.76001419659457	152.90540644270558	0
-65.49093496745158	152.9936874963791	0
-64.22041285686811	153.0784404737871	0
-62.948467132264646	153.15963548948645	0
-61.67511760919845	153.23724276683404	0
-60.40038465479261	153.31123265158905	0
-59.1242891908549	153.38157562578724	0
-57.84685269667289	153.4482423218808	0
-56.56809721147152	153.51120353713628	0
-55.28804533651967	153.57043024828212	0
-54.00672023687219	153.62589362639707	0
-52.72414564273393	153.67756505202985	0
-51.440345850432635	153.72541613053946	0
-50.15534572298756	153.76941870764531	0
-48.869170690261036	153.80954488517506	0
-47.58184674868036	153.8457670369974	0
-46.29340046051789	153.87805782512677	0
-45.003858952717195	153.90639021598568	0
-43.71324991525404	153.93073749680934	0
-42.42160159902085	153.95107329217777	0
-41.12894281322425	153.96737158065815	0
-39.83530292228539	153.97960671154104	0
-38.540711842233776	153.9877534216521	0
-37.2452000365854	153.99178685222114	0
-35.94879851169717	153.9916825657893	0
-34.65153881158985	153.98741656313425	0
-33.3534530122328	153.97896530019344	0
-32.05457371528442	153.96630570496393	0
-30.754934041283043	153.94941519435753	0
-29.45456762228394	153.9282716909888	0
-28.15350859393891	153.90285363987365	0
-26.85179158701597	153.87314002501526	0
-25.54945171835755	153.8391103858539	0
-24.246524581276624	153.8007448335568	0
-22.943046235391314	153.75802406712404	0
-21.639053195899436	153.71092938928615	0
-20.33458242229569	153.65944272216848	0
-19.029671306535224	153.60354662269805	0
-17.724357660648487	153.54322429772787	0
-16.4186797038134	153.4784596188539	0
-15.112676048892084	153.40923713689983	0
-13.806385688440525	153.33554209604537	0
-12.49984798020078	153.2573604475729	0
-11.19310263208649	153.17467886320873	0
-9.886189686673639	153.08748474803502	0
-8.579149505209724	152.99576625294844	0
-7.272022751155641	152.89951228664276	0
-5.964850373275735	152.79871252709268	0
-4.657673588292651	152.6933574325168	0
-3.3505338631246775	152.58343825179858	0
-2.0434728967244205	152.46894703434452	0
-0.7365326015386557	152.3498766393596	0
0.570244915389738	152.2262207445213	0
1.876817371655899	152.09797385403394	0
3.1831423290403436	151.96513130604637	0
4.489177213345871	151.82768927941686	0
5.794879334499478	151.68564479981032	0
7.1002059068939545	151.53899574511416	0
8.40511406994314	151.38774085016018	0
9.709560908824121	151.2318797107409	0
11.013503475379087	151.07141278691083	0
12.316898809149016	150.9063414055633	0
13.619703958510929	150.73666776227626	0
14.921876001890032	150.5623949224204	0
16.22337206901782	150.38352682152555	0
17.52414936220691	150.20006826490203	0
18.824165177613278	150.0120249265154	0
20.123376926456494	149.81940334711447	0
21.42174215616852	149.6222109316137	0
22.71921857144177	149.42045594573304	0
24.015764055147248	149.21414751189926	0
25.31133668909391	149.0032956044144	0
26.605894774600586	148.7879110438987	0
27.899396852852334	148.5680054910163	0
29.191801725013505	148.34359143949385	0
30.48306847207035	148.11468220844327	0
31.773156474376663	147.8812919340012	0
33.062025430876574	147.64343556029925	0
34.34963537797947	147.40112882977994	0
35.635946708062704	147.154388272875	0
36.920920187578815	146.90323119706335	0
38.20451697474471	146.6476756753273	0
39.48669863679143	146.38774053402673	0
40.767427166754054	146.12344534021182	0
42.04666499978244	145.8548103883957	0
43.32437502895457	145.58185668680952	0
44.60052062057545	145.30460594316304	0
45.875065628945784	145.0230805499342	0
47.14797441058565	144.73730356921268	0
48.41921183789991	144.44729871712192	0
49.688743312273175	144.15309034784528	0
50.9565347765834	143.8547034372822	0
52.222552727124594	143.55216356636063	0
53.486764224930255	143.24549690403188	0
54.74913690649059	142.9347301899749	0
56.00963899385771	142.6198907170366	0
57.26823930413428	142.30100631343487	0
58.52490725834246	141.9781053247512	0
59.77961288967106	141.65121659573967	0
61.032326851100215	141.32036945197856	0
62.283020422403894	140.98559368139104	0
63.531665516531824	140.6469195156608	0
64.77823468537355	140.30437761156853	0
66.02270112490838	139.957999032274	0
67.26503867974617	139.60781522856902	0
68.50522184706462	139.2538580201254	0
69.74322577995007	138.89615957676125	0
70.97902629014958	138.53475239974952	0
72.21259985024294	138.16966930319037	0
73.443923595244	137.8009433954699	0
74.6729753236419	137.42860806082578	0
75.89973349789292	137.0526969410408	0
77.12417724437506	136.67324391728303	0
78.34628635281737	136.29028309211216	0
79.5660412752174	135.90384877166974	0
80.78342312426001	135.51397544807023	0
81.99841367125177	135.12069778200961	0
83.21099534358531	134.72405058560662	0
84.42115122174863	134.32406880549144	0
85.62886503589444	133.92078750615548	0
86.83412116198517	133.51424185357513	0
88.03690461752942	133.10446709912148	0
89.23720105692578	132.6914985637671	0
90.43499676643026	132.2753716226002	0
91.6302786587634	131.85612168965554	0
92.82303426737373	131.43378420307067	0
94.0132517403736	131.00839461057538	0
95.20091983416405	130.5799883553211	0
96.38602790676482	130.1486008620565	0
97.56856591086596	129.71426752365468	0
98.74852438661706	129.27702368799655	0
99.92589445417022	128.8369046452141	0
101.10066780599247	128.393945615297	0
102.27283669896343	127.94818173606484	0
103.44239394627354	127.49964805150654	0
104.60933290913813	127.04837950048869	0
105.77364748834208	126.59441090583265	0
106.93533211562988	126.13777696376079	0
108.09438174495527	125.67851223371105	0
109.2507918436045	125.21665112851863	0
110.4045583832068	124.75222790496315	0
111.55567783064542	124.28527665467901	0
112.70414713888209	123.81583129542638	0
113.84996373770754	123.34392556271966	0
114.99312552443013	122.86959300180986	0
116.13363085451442	122.39286696001714	0
117.2714785321811	121.9137805794091	0
118.40666780097908	121.43236678982032	0
119.53919833434047	120.94865830220823	0
120.66907022612864	120.46268760234017	0
121.79628398118882	119.97448694480606	0
122.92084050591096	119.4840883473512	0
124.04274109881342	118.99152358552313	0
125.16198744115634	118.49682418762649	0
126.27858158759257	118.00002142997972	0
127.392525956864	117.50114633246713	0
128.50382332255063	117.00022965437961	0
129.61247680387922	116.49730189053764	0
130.7184898565983	115.99239326768962	0
131.8218662639255	115.48553374117868	0
132.9226101275732	114.97675299187125	0
134.02072585885773	114.46608042334014	0
135.11621816989765	113.95354515929552	0
136.20909206490543	113.43917604125642	0
137.29935283157724	112.92300162645611	0
138.38700603258488	112.40505018597409	0
139.47205749717367	111.88534970308787	0
140.55451331286977	111.36392787183753	0
141.63437981730013	110.84081209579621	0
142.71166359012796	110.31602948703964	0
143.78637144510643	109.789606865308	0
144.85851042225283	109.26157075735325	0
145.92808778014546	108.73194739646546	0
146.99511098834498	108.20076272217143	0
148.05958771994185	107.66804238009932	0
149.12152584423137	107.13381172200269	0
150.1809334195174	106.59809580593785	0
151.23781868604567	106.06091939658833	0
152.29219005906768	105.52230696573038	0
153.34405612203543	104.98228269283355	0
154.3934256199277	104.44087046579067	0
155.44030745270805	103.89809388177127	0
156.48471066891423	103.3539762481932	0
157.52664445937955	102.8085405838067	0
158.56611815108548	102.26180961988575	0
159.6031412011452	101.71380580152154	0
160.63772319091788	101.16455128901288	0
161.66987382025255	100.61406795934867	0
162.69960290186137	100.06237740777775	0
163.72692035582108	99.5095009494611	0
164.7518362042019	98.95545962120238	0
165.7743605658226	98.4002741832519	0
166.79450365113092	97.84396512117996	0
167.81227575720783	97.28655264781555	0
168.8276872628946	96.72805670524602	0
169.8407486240412	96.16849696687414	0
170.85147036887454	95.60789283952867	0
171.85986309348536	95.04626346562473	0
172.8659374574319	94.48362772537047	0
173.86970417945895	93.92000423901673	0
174.87117403333085	93.35541136914628	0
175.8703578437763	92.78986722299948	0
176.86726648254393	92.22338965483334	0
177.86191086456617	91.65599626831109	0
178.85430194423057	91.08770441891922	0
179.84445071175588	90.51853121640947	0
180.8323681896718	89.94849352726312	0
181.81806542940035	89.37760797717488	0
182.80155350793694	88.80589095355413	0
183.7828435246295	88.23335860804124	0
184.7619465980538	87.66002685903652	0
185.73887386298316	87.08591139423984	0
186.71363646745047	86.51102767319885	0
187.6862455699012	85.93539092986381	0
188.65671233643496	85.35901617514723	0
189.62504793813446	84.7819181994864	0
190.5912635484793	84.20411157540732	0
191.5553703408435	83.62561066008823	0
192.51737948607456	83.04642959792123	0
193.47730215015235	82.46658232307063	0
194.43514949192618	81.88608256202646	0
195.3909326609281	81.304943836152	0
196.3446627952609	80.72317946422392	0
197.296351019559	80.14080256496385	0
198.24600844302054	79.55782605956038	0
199.19364615750885	78.9742626741803	0
200.13927523572204	78.39012494246799	0
201.0829067294286	77.80542520803235	0
202.02455166776775	77.22017562691988	0
202.9642210556127	76.6343881700735	0
203.90192587199547	76.04807462577608	0
204.83767706859152	75.46124660207792	0
205.7714855682628	74.87391552920774	0
206.70336226365774	74.28609266196611	0
207.63331801586665	73.69778908210117	0
208.56136365313097	73.10901570066565	0
209.48750996960524	72.51978326035506	0
210.4117677241701	71.93010233782616	0
211.33414763929508	71.33998334599568	0
212.25466039994996	70.7494365363185	0
213.173316652563	70.15847200104518	0
214.0901270040252	69.56709967545835	0
215.005102020739	68.97532934008768	0
215.91825222771038	68.3831706229032	0
216.8295881076829	67.79063300148658	0
217.7391201003127	67.19772580518043	0
218.64685860138334	66.60445821721491	0
219.55281396205896	66.01083927681209	0
220.45699648817518	65.4168778812674	0
221.35941643956613	64.82258278800833	0
222.2600840294269	64.22796261663022	0
223.15900942371027	63.633025850908886	0
224.05620274055647	63.03778084079028	0
224.9516740497554	62.442235804356976	0
225.84543337223997	61.8463988297714	0
226.73749067960966	61.25027787719599	0
227.6278558936836	60.65388078069009	0
228.51653888608203	60.05721525008369	0
229.4035494778353	59.460288872828066	0
230.2888974390196	58.86310911582327	0
231.17259248841847	58.265683327222646	0
232.05464429320952	57.66801873821437	0
232.93506246867517	57.07012246478011	0
233.81385657793695	56.47200150943089	0
234.69103613171242	55.8736627629203	0
235.56661058809416	55.27511300593515	0
236.44058935234978	54.676358910763646	0
237.31298177674253	54.0774070429413	0
238.1837971603718	53.47826386287463	0
239.05304474903264	52.87893572744284	0
239.9207337350939	52.279428891577666	0
240.78687325739412	51.679749509821484	0
241.6514724011547	51.07990363786385	0
242.5145401979099	50.479897234056715	0
243.37608562545248	49.879736160908394	0
244.23611760779536	49.279426186556556	0
245.0946450151478	48.67897298622035	0
245.9516766639061	48.078382143631934	0
246.80722131665846	47.47765915244749	0
247.66128768220264	46.876809417638036	0
248.51388441557708	46.27583825686019	0
249.36502011810413	45.67475090180704	0
250.21470333744514	45.073552499539396	0
251.06294256766725	44.47224811379761	0
251.9097462493211	43.87084272629414	0
252.75512276952912	43.269341237987106	0
253.59908046208406	42.66774847033502	0
254.4416276075574	42.06606916653296	0
255.28277243341697	41.46430799273031	0
256.12252311415375	40.86246953923036	0
256.96088777141733	40.26055832167193	0
257.79787447415947	39.65857878219327	0
258.6334912387859	39.056535290578445	0
259.46774602931555	38.454432145386384	0
260.30064675754704	37.852273575062846	0
261.1322012832323	37.25006373903551	0
261.9624174142567	36.64780672879242	0
262.7913029068257	36.04550656894392	0
263.6188654656573	35.44316721826843	0
264.4451127441806	34.84079257074213	0
265.27005234473995	34.23838645655289	0
266.0936918188038	33.635952643098534	0
266.91603866717924	33.03349483596978	0
267.73710034023094	32.43101667991796	0
268.5568842381046	31.828521759807735	0
269.37539771095487	31.226013601555128	0
270.1926480591773	30.623495673050897	0
271.00864253364404	30.020971385069608	0
271.82338833594315	29.41844409216452	0
272.63689261862174	28.815917093548517	0
273.44916248543177	28.21339363396128	0
274.2602049915795	27.610876904522897	0
275.07002714397726	27.00837004357409	0
275.87863590149834	26.40587613750328	0
276.68603817523433	25.80339822156067	0
277.49224082875463	25.200939280659508	0
278.29725067836824	24.59850225016477	0
279.1010744933878	23.99609001666941	0
279.90371899639524	23.393705418758366	0
280.70519086350936	22.791351247760524	0
281.5054967246549	22.189030248488795	0
282.3046431638333	21.586745119968505	0
283.1026367193945	20.984498516154247	0
283.89948388431037	20.382293046635407	0
284.6951911064486	19.780131277330497	0
285.48976478884833	19.17801573117049	0
286.28321128999625	18.57594888877132	0
287.0755369241034	17.9739331890957	0
287.86674796138277	17.37197103010445	0
288.65685062832745	16.77006476939746	0
289.4458511079892	16.168216724844484	0
290.23375554025745	15.566429175205888	0
291.02057002213854	14.964704360743546	0
291.806300608035	14.363044483822001	0
292.5909533100252	13.761451709500067	0
293.37453409814304	13.159928166113007	0
294.15704890065706	12.558475945845455	0
294.9385036043502	11.957097105295194	0
295.7189040547988	11.355793666027973	0
296.49825605665154	10.754567615123468	0
297.2765653739079	10.153420905712563	0
298.0538377301966	9.55235545750605	0
298.83007880905313	8.951373157314913	0
299.605294254197	8.350475859562328	0
300.3794896698084	7.749665386787489	0
301.1526706208041	7.14894353014141	0
301.92484263311303	6.548312049874829	0
302.69601119395065	5.947772675818335	0
303.46618175209284	5.347327107854841	0
304.2353597181491	4.746977016384534	0
305.00355046483435	4.146724042782412	0
305.77075932724057	3.546569799848541	0
306.53699160310686	2.946515872251133	0
307.30225255308886	2.346563816962573	0
308.06654740102704	1.7467151636885037	0
308.82988133421395	1.146971415290079	0
309.59225950366044	0.5473340481994999	0
310.35368702436074	-0.052195487171061594	0
311.11416897555637	-0.6516157660270424	0
311.8737104009988	-1.2509253887954657	0
312.6323163092111	-1.8501229807352138	0
313.38999167374834	-2.449207191553495	0
314.14674143345655	-3.048176695028401	0
314.90257049273055	-3.6470301886374576	0
315.6574837217706	-4.245766393192074	0
316.41148595683734	-4.844384052477791	0
317.164582000506	-5.442881932900231	0
317.9167766219187	-6.041258823136668	0
318.66807455703577	-6.639513533793117	0
319.41848050888535	-7.237644897066853	0
320.167999147812	-7.835651766414275	0
320.9166351117235	-8.433533016224024	0
321.6643930063366	-9.03128754149528	0
322.41127740542083	-9.628914257521132	0
323.1572928510416	-10.226412099576963	0
323.902443853801	-10.823780022613754	0
324.6467348930779	-11.421017000956219	0
325.39017041726606	-12.018122028005726	0
326.13275484401083	-12.615094115947874	0
326.87449256044476	-13.211932295464704	0
327.61538792342117	-13.808635615451426	0
328.3554452597465	-14.40520314273761	0
329.0946688664112	-15.001633961812772	0
329.83306301081905	-15.59792717455626	0
330.57063193101476	-16.194081899971398	0
331.30737983591047	-16.790097273923795	0
332.04331090551034	-17.385972448883766	0
332.77842929113376	-17.981706593672797	0
333.5127391156372	-18.577298893213975	0
334.24624447363425	-19.17274854828633	0
334.9789494317143	-19.768054775283034	0
335.71085802865963	-20.363216805973362	0
336.4419742756611	-20.9582338872684	0
337.1723021565321	-21.55310528099038	0
337.90184562792126	-22.147830263645655	0
338.63060861952323	-22.742408126201184	0
339.3585950342884	-23.336838173864514	0
340.08580874863077	-23.931119725867205	0
340.81225361263444	-24.525252115251593	0
341.53793345025855	-25.1192346886609	0
342.2628520595408	-25.713066806132595	0
342.98701321279935	-26.306747840894964	0
343.7104206568331	-26.90027717916685	0
344.43307811312087	-27.493654219960476	0
345.1549892780188	-28.086878374887355	0
345.876157822956	-28.67994906796718	0
346.59658739462947	-29.27286573543968	0
347.31628161519683	-29.865627825579406	0
348.0352440824679	-30.458234798513338	0
348.7534783700947	-31.05068612604135	0
349.47098802776003	-31.642981291459424	0
350.1877765813647	-32.2351197893856	0
350.90384753321314	-32.82710112558858	0
351.61920436219765	-33.418924816819015	0
352.33385052398125	-34.01059039064337	0
353.04778945117886	-34.602097385280324	0
353.7610245535375	-35.193445349439685	0
354.47355921811464	-35.784633842163814	0
355.1853968094554	-36.37566243267145	0
355.8965406697683	-36.966530700203926	0
356.60699411909934	-37.557238233873754	0
357.31676045550535	-38.14778463251552	0
358.02584295522513	-38.738169504539044	0
358.7342448728499	-39.32839246778484	0
359.441969441492	-39.91845314938168	0
360.14901987295235	-40.50835118560645	0
360.85539935788665	-41.09808622174602	0
361.56111106597007	-41.68765791196134	0
362.26615814606066	-42.27706591915349	0
362.9705437263616	-42.86630991483187	0
363.6742709145818	-43.455389578984274	0
364.3773427980956	-44.044304599949065	0
365.0797624441007	-44.63305467428919	0
365.7815328997754	-45.22163950666815	0
366.482657192434	-45.81005880972783	0
367.18313832968096	-46.39831230396819	0
367.8829792995644	-46.98639971762877	0
368.58218307072764	-47.574320786571974	0
369.2807525925598	-48.16207525416813	0
369.9786907953452	-48.74966287118227	0
370.6760005904114	-49.33708339566263	0
371.372684870276	-49.92433659283083	0
372.0687465087925	-50.51142223497365	0
372.76418836129466	-51.098340101336554	0
373.45901326473967	-51.68508997801867	0
374.15322403785024	-52.27167165786943	0
374.8468234812556	-52.85808494038678	0
375.53981437763116	-53.444329631616824	0
376.232199491837	-54.03040554405506	0
376.92398157105526	-54.616312496549014	0
377.6151633449266	-55.20205031420244	0
378.30574752568504	-55.7876188282808	0
378.9957368082921	-56.3730178761183	0
379.6851338705698	-56.9582473010262	0
380.37394137333206	-57.54330695220257	0
381.06216196051565	-58.128196684643335	0
381.7497982593096	-58.71291635905466	0
382.4368528802839	-59.29746584176665	0
383.1233284175165	-59.881845004648326	0
383.8092274487201	-60.466053725023826	0
384.49455253536706	-61.05009188558991	0
385.1793062228138	-61.63395937433462	0
385.863491040424	-62.21765608445724	0
386.54710950169044	-62.801181914289295	0
387.2301641043567	-63.38453676721686	0
387.91265733053655	-63.96772055160393	0
388.5945916468336	-64.55073318071696	0
389.27596950445906	-65.13357457265047	0
389.956793339349	-65.71624465025383	0
390.63706557228045	-66.29874334105901	0
391.3167886089863	-66.8810705772095	0
391.9959648402698	-67.4632262953902	0
392.6745966421173	-68.04521043675838	0
393.3526863758111	-68.62702294687563	0
394.0302363880402	-69.2086637756408	0
394.70724901101084	-69.79013287722398	0
395.38372656255615	-70.37143021000136	0
396.0596713462442	-70.9525557364911	0
396.7350856514861	-71.53350942329016	0
397.4099717536422	-72.11429124101191	0
398.08433191412826	-72.69490116422489	0
398.75816838052015	-73.27533917139222	0
399.4314833866578	-73.85560524481207	0
400.10427915274863	-74.43569937055888	0
400.77655788546934	-75.01562153842552	0
401.4483217780678	-75.5953717418662	0
402.1195730104632	-76.17494997794033	0
402.79031374934607	-76.75435624725705	0
403.46054614827693	-77.33359055392071	0
404.1302723477844	-77.91265290547702	0
404.7994944754623	-78.49154331286003	0
405.4682146460663	-79.07026179033993	0
406.13643496160915	-79.64880835547147	0
406.8041575114557	-80.22718302904329	0
407.47138437241665	-80.80538583502782	0
408.1381176088421	-81.38341680053203	0
408.8043592727135	-81.96127595574885	0
409.4701114037356	-82.53896333390921	0
410.1353760294271	-83.11647897123493	0
410.800155165211	-83.69382290689211	0
411.4644508145035	-84.27099518294537	0
412.1282649688031	-84.84799584431256	0
412.79159960777804	-85.4248249387203	0
413.45445669935356	-86.00148251666002	0
414.11683819979834	-86.57796863134469	0
414.77874605381	-87.15428333866616	0
415.4401821946001	-87.73042669715316	0
416.1011485439784	-88.3063987679298	0
416.7616470124364	-88.88219961467473	0
417.42167949923	-89.45782930358088	0
418.08124789246176	-90.03328790331575	0
418.7403540691623	-90.60857548498232	0
419.39899989537116	-91.18369212208044	0
420.0571872262166	-91.75863789046883	0
420.71491790599543	-92.3334128683276	0
421.3721937682514	-92.90801713612127	0
422.0290166358535	-93.48245077656242	0
422.68538832107333	-94.0567138745757	0
423.34131062566195	-94.63080651726256	0
423.996785340926	-95.2047287938662	0
424.65181424780326	-95.7784807957373	0
425.30639911693754	-96.35206261630006	0
425.96054170875294	-96.92547435101879	0
426.6142437735276	-97.49871609736496	0
427.2675070514667	-98.07178795478468	0
427.92033327277477	-98.64469002466672	0
428.57272415772786	-99.21742241031087	0
429.2246814167445	-99.78998521689691	0
429.87620675045645	-100.3623785514538	0
430.52730184977884	-100.93460252282952	0
431.1779683959796	-101.5066572416612	0
431.82820806074835	-102.0785428203457	0
432.47802250626495	-102.65025937301066	0
433.1274133852671	-103.22180701548584	0
433.77638234111765	-103.793185865275	0
434.4249310078712	-104.36439604152814	0
435.0730610103403	-104.93543766501396	0
435.7207739641612	-105.50631085809303	0
436.3680714758585	-106.07701574469101	0
437.01495514291014	-106.64755245027249	0
437.66142655381094	-107.21792110181504	0
438.3074872881364	-107.7881218277837	0
438.9531389166054	-108.35815475810583	0
439.59838300114285	-108.92802002414625	0
440.2432210949415	-109.49771775868282	0
440.8876547425232	-110.06724809588229	0
441.53168547980005	-110.6366111712765	0
442.1753148341347	-111.20580712173893	0
442.81854432440036	-111.77483608546159	0
443.4613754610399	-112.34369820193217	0
444.10380974612525	-112.91239361191163	0
444.7458486734156	-113.48092245741192	0
445.3874937284154	-114.04928488167423	0
446.028746388432	-114.61748102914733	0
446.6696081226326	-115.1855110454664	0
447.3100803921009	-115.753375077432	0
447.950164649893	-116.32107327298942	0
448.5898623410936	-116.88860578120834	0
449.2291749028706	-117.45597275226265	0
449.8681037645304	-118.02317433741072	0
450.50665034757196	-118.5902106889758	0
451.14481606574066	-119.15708196032675	0
451.78260232508194	-119.72378830585907	0
452.4200105239942	-120.29032988097615	0
453.05704205328163	-120.85670684207074	0
453.693698296206	-121.42291934650682	0
454.32998062853875	-121.98896755260157	0
454.9658904186123	-122.55485161960766	0
455.6014290273708	-123.12057170769579	0
456.23659780842087	-123.68612797793743	0
456.8713981080816	-124.25152059228787	0
457.5058312654344	-124.81674971356945	0
458.13989861237206	-125.381815505455	0
458.77360147364806	-125.94671813245156	0
459.4069411669247	-126.5114577598844	0
460.03991900282165	-127.076034553881	0
460.6725362849634	-127.6404486813556	0
461.3047943100269	-128.20470030999365	0
461.9366943677884	-128.76878960823674	0
462.5682377411701	-129.33271674526748	0
463.19942570628655	-129.8964818909948	0
463.83025953249046	-130.4600852160394	0
464.46074048241826	-131.02352689171929	0
465.0908698120352	-131.58680709003568	0
465.72064877068027	-132.149925983659	0
466.35007860111074	-132.7128837459151	0
466.9791605395461	-133.27568055077163	0
467.6078958157119	-133.83831657282468	0
468.2362856528832	-134.40079198728554	0
468.8643312679277	-134.96310696996767	0
469.49203387134827	-135.52526169727378	0
470.1193946673257	-136.08725634618327	0
470.7464148537605	-136.6490910942396	0
471.3730956223146	-137.21076611953805	0
471.9994381584532	-137.7722816007135	0
472.6254436414853	-138.33363771692854	0
473.2511132446048	-138.89483464786142	0
473.8764481349311	-139.45587257369465	0
474.5014494735487	-140.0167516751033	0
475.1261184155476	-140.5774721332438	0
475.7504561100625	-141.1380341297426	0
476.3744637003121	-141.6984378466853	0
476.998142323638	-142.25868346660565	0
477.62149311154326	-142.81877117247484	0
478.24451718973074	-143.378701147691	0
478.8672156781412	-143.93847357606867	0
479.4895896909907	-144.49808864182856	0
480.1116403368085	-145.05754652958734	0
480.7333687184736	-145.61684742434775	0
481.3547759332523	-146.1759915114886	0
481.9758630728341	-146.73497897675514	0
482.59663122336826	-147.2938100062494	0
483.21708146549986	-147.85248478642075	0
483.83721487440545	-148.4110035040565	0
484.45703251982843	-148.96936634627286	0
485.07653546611436	-149.5275735005057	0
485.69572477224574	-150.08562515450163	0
486.3146014918768	-150.64352149630926	0
486.93316667336757	-151.2012627142704	0
487.55142135981845	-151.75884899701148	0
488.16936658910373	-152.3162805334352	0
488.7870033939052	-152.87355751271195	0
489.40433280174557	-153.4306801242719	0
490.02135583502155	-153.98764855779658	0
490.6380735110367	-154.54446300321104	0
491.2544868420339	-155.10112365067593	0
491.8705968352278	-155.6576306905797	0
492.4864044928368	-156.21398431353091	0
493.10191081211514	-156.77018471035072	0
493.7171167853841	-157.32623207206532	0
494.3320234000638	-157.8821265898987	0
494.946631638704	-158.4378684552653	0
495.5609424790151	-158.99345785976288	0
496.1749568938989	-159.5488949951655	0
496.78867585147896	-160.10418005341654	0
497.4021003151306	-160.65931322662175	0
498.0152312435113	-161.21429470704265	0
498.6280695905901	-161.76912468708974	0
499.24061630567724	-162.32380335931597	0
499.85287233345343	-162.87833091641025	0
500.4648386139991	-163.43270755119102	0
501.07651608282305	-163.9869334566	0
501.68790567089115	-164.54100882569603	0
502.2990083046549	-165.0949338516487	0
502.9098249060795	-165.6487087277326	0
503.52035639267206	-166.2023336473212	0
504.13060367750916	-166.75580880388102	0
504.7405676692647	-167.3091343909658	0
505.3502492722371	-167.86231060221084	0
505.9596493863766	-168.41533763132733	0
506.5687689073123	-168.96821567209687	0
507.17760872637876	-169.5209449183659	0
507.78616973064277	-170.07352556404038	0
508.39445280292966	-170.62595780308047	0
509.00245882184964	-171.1782418294952	0
509.6101886618236	-171.73037783733744	0
510.21764319310904	-172.2823660206987	0
510.82482328182573	-172.83420657370417	0
511.4317297899811	-173.3858996905077	0
512.0383635754955	-173.937445565287	0
512.6447254922273	-174.48884439223878	0
513.2508163899978	-175.040096365574	0
513.8566371146158	-175.5912016795132	0
514.462188507902	-176.14216052828198	0
515.0674714077142	-176.6929731061063	0
515.67248664797	-177.24363960720817	0
516.2772350586722	-177.79416022580108	0
516.8817174659317	-178.34453515608575	0
517.4859346919917	-178.89476459224582	0
518.0898875552507	-179.44484872844365	0
518.6935768702862	-179.99478775881607	0
519.2970034478775	-180.5445818774704	0
519.900168095029	-181.0942312784803	0
520.5030716149928	-181.64373615588184	0
521.1057148072912	-182.19309670366957	0
521.7080984677393	-182.74231311579263	0
522.3102233884676	-183.2913855861509	0
522.9120903579437	-183.84031430859133	0
523.5137001609945	-184.38909947690416	0
524.1150535788279	-184.9377412848193	0
524.7161513890546	-185.48623992600278	0
525.3169943657097	-186.03459559405306	0
525.9175832792737	-186.58280848249768	0
526.5179188966943	-187.1308787847898	0
527.1180019814067	-187.67880669430468	0
527.7178332933552	-188.22659240433657	0
528.3174135890135	-188.7742361080952	0
528.9167436214058	-189.32173799870267	0
529.5158241401265	-189.86909826919018	0
530.1146558913612	-190.4163171124949	0
530.7132396179065	-190.96339472145692	0
531.3115760591904	-191.51033128881616	0
531.9096659512918	-192.05712700720935	0
532.5075100269604	-192.60378206916704	0
533.1051090156362	-193.1502966671108	0
533.7024636434694	-193.6966709933502	0
534.299574633339	-194.2429052400801	0
534.8964427048727	-194.7889995993777	0
535.4930685744654	-195.3349542632	0
536.0894529552985	-195.88076942338097	0
536.6855965573587	-196.4264452716289	0
537.2815000874564	-196.97198199952373	0
537.8771642492443	-197.51737979851464	0
538.472589743236	-198.06263885991729	0
539.0677772668239	-198.60775937491144	0
539.6627275142979	-199.15274153453848	0
540.2574411768628	-199.69758552969896	0
540.8519189426567	-200.2422915511502	0
541.4461614967681	-200.786859789504	0
542.0401695212546	-201.33129043522425	0
542.6339436951594	-201.87558367862465	0
543.227484694529	-202.41973970986655	0
543.820793192431	-202.96375871895665	0
544.4138698589703	-203.50764089574486	0
545.006715361307	-204.05138642992213	0
545.5993303636728	-204.59499551101842	0
546.1917155273882	-205.13846832840056	0
546.7838715108786	-205.6818050712702	0
547.3757989696916	-206.22500592866183	0
547.9674985565127	-206.7680710894408	0
548.5589709211824	-207.31100074230142	0
549.1502167107119	-207.85379507576494	0
549.7412365692993	-208.39645427817774	0
550.3320311383457	-208.93897853770952	0
550.9226010564711	-209.48136804235133	0
551.5129469595303	-210.023622979914	0
552.1030694806282	-210.5657435380261	0
552.6929692501357	-211.10772990413253	0
553.282646895705	-211.64958226549248	0
553.8721030422855	-212.19130080917805	0
554.461338312138	-212.73288572207238	0
555.0503533248507	-213.27433719086818	0
555.639148697354	-213.81565540206603	0
556.2277250439355	-214.35684054197287	0
556.8160829762547	-214.89789279670043	0
557.4042231033579	-215.43881235216375	0
557.9921460316928	-215.97959939407968	0
558.5798523651227	-216.5202541079654	0
559.1673427049419	-217.06077667913698	0
559.7546176498889	-217.60116729270797	0
560.3416777961613	-218.14142613358806	0
560.9285237374299	-218.68155338648162	0
561.5151560648527	-219.22154923588647	0
562.1015753670887	-219.76141386609245	0
562.687782230312	-220.30114746118022	0
563.2737772382256	-220.84075020501996	0
563.8595609720751	-221.38022228127005	0
564.4451340106618	-221.91956387337598	0
565.030496930357	-222.45877516456906	0
565.6156503051147	-222.99785633786522	0
566.2005947064855	-223.5368075760639	0
566.7853307036293	-224.0756290617469	0
567.3698588633288	-224.61432097727723	0
567.9541797500026	-225.15288350479807	0
568.538293925718	-225.69131682623166	0
569.1222019502038	-226.2296211232782	0
569.7059043808633	-226.7677965774149	0
570.2894017727871	-227.30584336989494	0
570.8726946787654	-227.8437616817464	0
571.4557836493007	-228.38155169377134	0
572.0386692326204	-228.91921358654488	0
572.6213519746891	-229.4567475404142	0
573.2038324192208	-229.99415373549758	0
573.7861111076912	-230.53143235168363	0
574.36818857935	-231.06858356863026	0
574.9500653712324	-231.60560756576393	0
575.5317420181719	-232.1425045222787	0
576.1132190528116	-232.67927461713543	0
576.6944970056161	-233.21591802906104	0
577.2755764048835	-233.75243493654762	0
577.8564577767569	-234.28882551785162	0
578.4371416452359	-234.8250899509932	0
579.0176285321884	-235.36122841375538	0
579.5979189573617	-235.89724108368338	0
580.1780134383941	-236.43312813808384	0
580.7579124908264	-236.96888975402416	0
581.3376166281122	-237.50452610833176	0
581.9171263616304	-238.04003737759348	0
582.496442200695	-238.57542373815485	0
583.0755646525671	-239.11068536611953	0
583.6544942224652	-239.6458224373486	0
584.2332314135764	-240.18083512746003	0
584.8117767270668	-240.715723611828	0
585.3901306620927	-241.25048806558235	0
585.968293715811	-241.78512866360802	0
586.5462663833898	-242.3196455805445	0
587.1240491580189	-242.85403899078523	0
587.7016425309204	-243.38830906847716	0
588.2790469913587	-243.92245598752015	0
588.8562630266513	-244.4564799215665	0
589.4332911221787	-244.99038104402052	0
590.0101317613949	-245.5241595280379	0
590.5867854258369	-246.0578155465254	0
591.1632525951355	-246.59134927214032	0
591.7395337470251	-247.12476087729004	0
592.3156293573531	-247.6580505341317	0
592.8915399000905	-248.19121841457158	0
593.467265847341	-248.72426469026496	0
594.0428076693512	-249.25718953261548	0
594.6181658345203	-249.78999311277494	0
595.1933408094093	-250.3226756016428	0
595.7683330587511	-250.85523716986592	0
596.3431430454596	-251.38767798783812	0
596.917771230639	-251.9199982256999	0
597.4922180735939	-252.45219805333815	0
598.0664840318377	-252.9842776403857	0
598.6405695611024	-253.51623715622117	0
599.2144751153478	-254.04807676996853	0
599.7882011467702	-254.57979665049697	0
600.3617481058121	-255.1113969664205	0
600.9351164411709	-255.6428778860977	0
601.5083065998076	-256.1742395776315	0
602.0813190269563	-256.70548220886894	0
602.6541541661325	-257.23660594740096	0
603.2268124591423	-257.767610960562	0
603.7992943460908	-258.29849741543006	0
604.3716002653913	-258.82926547882624	0
604.9437306537733	-259.35991531731463	0
605.5156859462915	-259.89044709720224	0
606.0874665763341	-260.4208609845386	0
606.6590729756318	-260.95115714511576	0
607.2305055742653	-261.481335744468	0
607.8017648006745	-262.01139694787184	0
608.3728510816663	-262.54134092034565	0
608.9437648424233	-263.0711678266497	0
609.5145065065116	-263.600877831286	0
610.0850764958892	-264.1304710984982	0
610.6554752309141	-264.65994779227134	0
611.2257031303524	-265.18930807633177	0
611.7957606113858	-265.71855211414726	0
612.3656480896208	-266.2476800689267	0
612.935365979095	-266.77669210362	0
613.5049146922863	-267.30558838091815	0
614.0742946401201	-267.83436906325306	0
614.6435062319771	-268.36303431279754	0
615.212549875701	-268.8915842914652	0
615.7814259776067	-269.42001916091044	0
616.350134942487	-269.9483390825283	0
616.918677173621	-270.4765442174547	0
617.4870530727812	-271.0046347265661	0
618.0552630402414	-271.5326107704796	0
618.6233074747832	-272.06047250955294	0
619.1911867737049	-272.5882201038845	0
619.7589013328273	-273.11585371331336	0
620.3264515465023	-273.6433734974191	0
620.8938378076192	-274.1707796155219	0
621.4610605076124	-274.69807222668277	0
622.0281200364685	-275.2252514897032	0
622.5950167827336	-275.7523175631256	0
623.16175113352	-276.27927060523285	0
623.7283234745137	-276.80611077404876	0
624.2947341899808	-277.33283822733796	0
624.8609836627751	-277.8594531226059	0
625.4270722743447	-278.38595561709894	0
625.993000404739	-278.91234586780456	0
626.5587684326154	-279.4386240314512	0
627.1243767352462	-279.96479026450834	0
627.6898256885254	-280.49084472318685	0
628.2551156669753	-281.0167875634388	0
628.820247043753	-281.54261894095765	0
629.3852201906578	-282.06833901117835	0
629.9500354781368	-282.5939479292774	0
630.5146932752921	-283.119445850173	0
631.079193949887	-283.6448329285251	0
631.6435378683528	-284.17010931873557	0
632.207725395795	-284.69527517494834	0
632.7717568959998	-285.2203306510494	0
633.3356327314403	-285.7452759006671	0
633.899353263283	-286.2701110771721	0
634.4629188513942	-286.7948363336776	0
635.0263298543459	-287.31945182303957	0
635.5895866294223	-287.84395769785675	0
636.152689532626	-288.36835411047076	0
636.7156389186838	-288.8926412129665	0
637.2784351410533	-289.41681915717203	0
637.8410785519284	-289.94088809465893	0
638.403569502246	-290.4648481767423	0
638.9659083416915	-290.9886995544811	0
639.5280954187049	-291.51244237867826	0
640.0901310804867	-292.0360767998807	0
640.6520156730039	-292.55960296837975	0
641.2137495409959	-293.0830210342113	0
641.77533302798	-293.6063311471558	0
642.3367664762576	-294.1295334567386	0
642.8980502269196	-294.65262811223016	0
643.4591846198526	-295.1756152626462	0
644.020169993744	-295.6984950567479	0
644.5810066860881	-296.2212676430421	0
645.1416950331915	-296.74393316978154	0
645.7022353701786	-297.2664917849651	0
646.2626280309978	-297.78894363633805	0
646.8228733484262	-298.311288871392	0
647.3829716540755	-298.83352763736536	0
647.9429232783974	-299.3556600812437	0
648.5027285506892	-299.87768634975964	0
649.0623877990989	-300.39960658939333	0
649.6219013506309	-300.9214209463725	0
650.1812695311507	-301.44312956667295	0
650.7404926653913	-301.9647325960185	0
651.2995710769575	-302.4862301798815	0
651.8585050883314	-303.0076224634828	0
652.417295020878	-303.5289095917923	0
652.9759411948498	-304.05009170952894	0
653.5344439293925	-304.5711689611611	0
654.0928035425497	-305.0921414909069	0
654.6510203512685	-305.6130094427342	0
655.2090946714037	-306.1337729603613	0
655.767026817724	-306.6544321872567	0
656.324817103916	-307.17498726663973	0
656.8824658425898	-307.6954383414807	0
657.4399733452836	-308.2157855545013	0
657.9973399224691	-308.7360290481745	0
658.5545658835556	-309.25616896472525	0
659.1116515368956	-309.7762054461306	0
659.6685971897895	-310.29613863411987	0
660.22540314849	-310.81596867017515	0
660.7820697182076	-311.3356956955314	0
661.3385972031147	-311.8553198511768	0
661.8949859063505	-312.3748412778531	0
662.451236130026	-312.89426011605576	0
663.0073481752286	-313.41357650603453	0
663.5633223420263	-313.93279058779336	0
664.1191589294729	-314.45190250109107	0
664.6748582356124	-314.97091238544135	0
665.2304205574835	-315.48982038011326	0
665.7858461911242	-316.0086266241314	0
666.3411354315762	-316.5273312562764	0
666.8962885728897	-317.04593441508496	0
667.4513059081279	-317.5644362388505	0
668.0061877293709	-318.08283686562305	0
668.5609343277207	-318.60113643320994	0
669.1155459933053	-319.119335079176	0
669.6700230152833	-319.63743294084367	0
670.224365681848	-320.1554301552937	0
670.7785742802319	-320.6733268593651	0
671.3326490967108	-321.1911231896557	0
671.8865904166087	-321.7088192825223	0
672.4403985243011	-322.2264152740813	0
672.99407370322	-322.7439113002086	0
673.5476162358578	-323.26130749654016	0
674.1010264037715	-323.7786039984724	0
674.6543044875868	-324.29580094116244	0
675.2074507670027	-324.8128984595283	0
675.7604655207947	-325.3298966882495	0
676.3133490268199	-325.8467957617672	0
676.8661015620204	-326.3635958142846	0
677.4187234024276	-326.88029697976725	0
677.9712148231665	-327.39689939194335	0
678.523576098459	-327.91340318430423	0
679.0758075016283	-328.42980849010456	0
679.6279093051032	-328.9461154423628	0
680.1798817804215	-329.46232417386136	0
680.7317251982341	-329.97843481714716	0
681.283439828309	-330.4944475045319	0
681.8350259395351	-331.01036236809216	0
682.3864837999257	-331.52617953967024	0
682.9378136766233	-332.0418991508741	0
683.4890158359023	-332.5575213330778	0
684.0400905431735	-333.07304621742196	0
684.5910380629878	-333.5884739348141	0
685.1418586590394	-334.1038046159288	0
685.6925525941704	-334.6190383912083	0
686.2431201303738	-335.13417539086265	0
686.7935615287976	-335.6492157448702	0
687.3438770497482	-336.16415958297796	0
687.8940669526943	-336.6790070347018	0
688.4441314962703	-337.193758229327	0
688.9940709382802	-337.70841329590843	0
689.5438855357007	-338.22297236327114	0
690.0935755446855	-338.73743556001045	0
690.643141220568	-339.2518030144925	0
691.1925828178659	-339.76607485485454	0
691.7419005902834	-340.28025120900526	0
692.291094790716	-340.7943322046252	0
692.840165671253	-341.3083179691672	0
693.3891134831814	-341.82220862985656	0
693.9379384769894	-342.3360043136916	0
694.4866409023698	-342.84970514744384	0
695.035221008223	-343.36331125765855	0
695.583679042661	-343.87682277065494	0
696.1320152530102	-344.3902398125267	0
696.6802298858154	-344.9035625091423	0
697.2283231868423	-345.41679098614526	0
697.7762954010818	-345.9299253689546	0
698.3241467727523	-346.44296578276527	0
698.8718775453037	-346.9559123525484	0
699.4194879614205	-347.46876520305176	0
699.9669782630248	-347.9815244588001	0
700.5143486912797	-348.4941902440955	0
701.0615994865925	-349.0067626830177	0
701.6087308886181	-349.5192418994246	0
702.1557431362619	-350.03162801695265	0
702.702636467683	-350.5439211590169	0
703.2494111202973	-351.0561214488118	0
703.7960673307809	-351.56822900931127	0
704.3426053350731	-352.08024396326925	0
704.8890253683793	-352.59216643322	0
705.4353276651741	-353.10399654147835	0
705.9815124592047	-353.6157344101404	0
706.5275799834938	-354.12738016108364	0
707.0735304703421	-354.63893391596724	0
707.6193641513324	-355.1503957962327	0
708.1650812573316	-355.66176592310416	0
708.7106820184941	-356.17304441758847	0
709.2561666642648	-356.684231400476	0
709.801535423382	-357.19532699234077	0
710.3467885238804	-357.7063313135409	0
710.8919261930937	-358.21724448421884	0
711.4369486576581	-358.728066624302	0
711.9818561435147	-359.238797853503	0
712.5266488759124	-359.74943829131996	0
713.0713270794112	-360.25998805703694	0
713.6158909778844	-360.77044726972446	0
714.1603407945222	-361.2808160482396	0
714.7046767518337	-361.7910945112267	0
715.2488990716505	-362.30128277711736	0
715.7930079751287	-362.8113809641313	0
716.3370036827524	-363.32138919027614	0
716.880886414336	-363.83130757334834	0
717.4246563890272	-364.3411362309333	0
717.9683138253093	-364.85087528040566	0
718.5118589410048	-365.36052483892996	0
719.0552919532771	-365.8700850234607	0
719.5986130786338	-366.37955595074294	0
720.1418225329293	-366.88893773731263	0
720.6849205313672	-367.3982304994969	0
721.2279072885034	-367.90743435341454	0
721.7707830182483	-368.4165494149764	0
722.3135479338696	-368.92557579988556	0
722.856202247995	-369.434513623638	0
723.3987461726148	-369.94336300152275	0
723.9411799190841	-370.4521240486224	0
724.483503698126	-370.9607968798135	0
725.0257177198338	-371.46938160976663	0
725.5678221936734	-371.97787835294724	0
726.109817328486	-372.4862872236157	0
726.6517033324908	-372.9946083358278	0
727.1934804132874	-373.50284180343516	0
727.735148777858	-374.01098774008545	0
728.2767086325701	-374.519046259223	0
728.8181601831795	-375.0270174740889	0
729.3595036348316	-375.53490149772165	0
729.900739192065	-376.0426984429573	0
730.441867058813	-376.5504084224301	0
730.9828874384068	-377.05803154857256	0
731.5238005335774	-377.565567933616	0
732.0646065464582	-378.073017689591	0
732.6053056785873	-378.58038092832754	0
733.14589813091	-379.08765776145566	0
733.6863841037809	-379.5948483004056	0
734.2267637969667	-380.10195265640834	0
734.767037409648	-380.6089709404958	0
735.3072051404221	-381.1159032635014	0
735.847267187305	-381.62274973606037	0
736.3872237477337	-382.12951046861	0
736.927075018569	-382.63618557139023	0
737.4668211960969	-383.1427751544438	0
738.0064624760316	-383.6492793276169	0
738.5459990535176	-384.1556982005593	0
739.0854311231316	-384.6620318827247	0
739.6247588788852	-385.16828048337135	0
740.163982514227	-385.67444411156225	0
740.7031022220443	-386.18052287616547	0
741.2421181946663	-386.6865168858547	0
741.7810306238653	-387.19242624910953	0
742.3198397008595	-387.6982510742157	0
742.8585456163149	-388.2039914692657	0
743.3971485603478	-388.709647542159	0
743.9356487225263	-389.2152194006025	0
744.474046291873	-389.7207071521107	0
745.0123414568671	-390.22611090400636	0
745.5505344054463	-390.7314307634207	0
746.0886253250089	-391.23666683729374	0
746.626614402416	-391.7418192323748	0
747.1645018239935	-392.2468880552227	0
747.7022877755346	-392.75187341220635	0
748.2399724423011	-393.25677540950494	0
748.7775560090261	-393.7615941531083	0
749.3150386599158	-394.26632974881744	0
749.8524205786515	-394.7709823022447	0
750.3897019483917	-395.27555191881424	0
750.9268829517741	-395.78003870376244	0
751.4639637709179	-396.2844427621382	0
752.0009445874249	-396.7887641988033	0
752.5378255823827	-397.2930031184327	0
753.0746069363656	-397.7971596255151	0
753.6112888294375	-398.3012338243532	0
754.1478714411531	-398.80522581906393	0
754.6843549505604	-399.3091357135791	0
755.2207395362021	-399.8129636116455	0
755.757025376118	-400.31670961682534	0
756.2932126478468	-400.82037383249667	0
756.8293015284278	-401.32395636185373	0
757.3652921944032	-401.8274573079073	0
757.9011848218197	-402.33087677348504	0
758.4369795862303	-402.83421486123177	0
758.9726766626966	-403.33747167361	0
759.5082762257902	-403.84064731290033	0
760.0437784495947	-404.3437418812014	0
760.5791835077079	-404.84675548043083	0
761.1144915732431	-405.3496882123251	0
761.6497028188313	-405.85254017844005	0
762.1848174166229	-406.3553114801515	0
762.7198355382894	-406.85800221865526	0
763.2547573550256	-407.3606124949676	0
763.789583037551	-407.8631424099257	0
764.3243127561116	-408.36559206418775	0
764.858946680482	-408.8679615582337	0
765.3934849799667	-409.37025099236524	0
765.9279278234026	-409.8724604667064	0
766.4622753791598	-410.3745900812038	0
766.9965278151443	-410.87663993562694	0
767.530685298799	-411.37861012956876	0
768.0647479971057	-411.88050076244576	0
768.598716076587	-412.3823119334985	0
769.1325897033079	-412.88404374179186	0
769.6663690428772	-413.38569628621553	0
770.2000542604497	-413.88726966548415	0
770.7336455207277	-414.38876397813783	0
771.2671429879624	-414.8901793225425	0
771.8005468259561	-415.39151579689013	0
772.3338571980634	-415.89277349919917	0
772.867074267193	-416.39395252731487	0
773.4001981958095	-416.8950529789097	0
773.9332291459351	-417.39607495148357	0
774.4661672791508	-417.89701854236426	0
774.9990127565985	-418.39788384870775	0
775.5317657389824	-418.89867096749856	0
776.0644263865705	-419.39937999555013	0
776.5969948591967	-419.9000110295051	0
777.1294713162616	-420.4005641658357	0
777.661855916735	-420.90103950084404	0
778.1941488191568	-421.40143713066254	0
778.7263501816387	-421.90175715125423	0
779.2584601618662	-422.401999658413	0
779.7904789170994	-422.9021647477641	0
780.3224066041756	-423.4022525147645	0
780.8542433795097	-423.90226305470287	0
781.3859893990966	-424.4021964627005	0
781.9176448185124	-424.9020528337111	0
782.4492097929158	-425.40183226252145	0
782.9806844770499	-425.9015348437517	0
783.5120690252436	-426.40116067185556	0
784.043363591413	-426.90070984112083	0
784.5745683290631	-427.40018244566954	0
785.1056833912892	-427.8995785794585	0
785.6367089307782	-428.39889833627944	0
786.1676450998106	-428.8981418097595	0
786.6984920502612	-429.39730909336146	0
787.2292499336012	-429.89640028038406	0
787.7599189008995	-430.3954154639624	0
788.2904991028241	-430.8943547370684	0
788.8209906896436	-431.39321819251074	0
789.3513938112284	-431.89200592293565	0
789.8817086170524	-432.3907180208269	0
790.4119352561944	-432.8893545785063	0
790.9420738773396	-433.387915688134	0
791.4721246287805	-433.8864014417088	0
792.0020876584192	-434.38481193106844	0
792.5319631137678	-434.88314724789007	0
793.0617511419507	-435.38140748369034	0
793.5914518897052	-435.879592729826	0
794.1210655033838	-436.37770307749406	0
794.6505921289543	-436.8757386177321	0
795.1800319120025	-437.37369944141875	0
795.7093849977327	-437.8715856392738	0
796.2386515309695	-438.36939730185867	0
796.7678316561588	-438.86713451957667	0
797.2969255173695	-439.36479738267343	0
797.8259332582944	-439.86238598123714	0
798.3548550222521	-440.3599004051988	0
798.8836909521877	-440.85734074433265	0
799.4124411906748	-441.3547070882565	0
799.9411058799162	-441.8519995264319	0
800.4696851617457	-442.34921814816465	0
800.9981791776289	-442.8463630426051	0
801.526588068665	-443.3434342987483	0
802.0549119755876	-443.8404320054345	0
802.5831510387666	-444.3373562513492	0
803.1113053982089	-444.83420712502397	0
803.63937519356	-445.3309847148362	0
804.1673605641051	-445.8276891090097	0
804.6952616487706	-446.3243203956152	0
805.2230785861251	-446.8208786625702	0
805.7508115143806	-447.3173639976396	0
806.2784605713942	-447.81377648843596	0
806.8060258946689	-448.3101162224199	0
807.3335076213549	-448.80638328690014	0
807.860905888251	-449.3025777690341	0
808.3882208318057	-449.798699755828	0
808.9154525881186	-450.2947493341374	0
809.4426012929413	-450.79072659066725	0
809.9696670816788	-451.2866316119724	0
810.4966500893909	-451.78246448445776	0
811.0235504507929	-452.27822529437873	0
811.5503683002571	-452.77391412784146	0
812.0771037718142	-453.2695310708031	0
812.6037569991541	-453.7650762090723	0
813.1303281156272	-454.26054962830915	0
813.6568172542457	-454.7559514140259	0
814.1832245476845	-455.251281651587	0
814.7095501282828	-455.74654042620955	0
815.2357941280447	-456.2417278229634	0
815.761956678641	-456.73684392677177	0
816.2880379114097	-457.2318888224112	0
816.8140379573574	-457.72686259451206	0
817.3399569471608	-458.2217653275589	0
817.8657950111672	-458.7165971058906	0
818.3915522793959	-459.21135801370076	0
818.9172288815397	-459.7060481350379	0
819.4428249469654	-460.20066755380594	0
819.9683406047153	-460.6952163537643	0
820.493775983508	-461.1896946185283	0
821.0191312117402	-461.68410243156944	0
821.5444064174866	-462.1784398762158	0
822.0696017285022	-462.67270703565214	0
822.5947172722229	-463.16690399292025	0
823.1197531757662	-463.6610308309194	0
823.6447095659329	-464.1550876324065	0
824.169586569208	-464.64907447999633	0
824.6943843117616	-465.142991456162	0
825.21910291945	-465.63683864323514	0
825.743742517817	-466.1306161234062	0
826.2683032320947	-466.6243239787247	0
826.7927851872046	-467.11796229109973	0
827.3171885077586	-467.6115311422999	0
827.8415133180604	-468.10503061395394	0
828.3657597421061	-468.59846078755083	0
828.8899279035853	-469.09182174444015	0
829.4140179258825	-469.5851135658323	0
829.9380299320777	-470.0783363327987	0
830.4619640449476	-470.57149012627247	0
830.9858203869668	-471.06457502704825	0
831.5095990803081	-471.55759111578277	0
832.0333002468448	-472.0505384729951	0
832.5569240081501	-472.54341717906664	0
833.0804704854995	-473.03622731424196	0
833.6039397998712	-473.5289689586286	0
834.127332071947	-474.02164219219753	0
834.6506474221133	-474.51424709478346	0
835.1738859704623	-475.0067837460851	0
835.6970478367929	-475.4992522256653	0
836.2201331406117	-475.9916526129517	0
836.7431420011337	-476.48398498723657	0
837.2660745372839	-476.9762494276774	0
837.7889308676973	-477.4684460132969	0
838.311711110721	-477.96057482298363	0
838.8344153844142	-478.452635935492	0
839.3570438065495	-478.9446294294427	0
839.8795964946141	-479.4365553833229	0
840.4020735658104	-479.92841387548646	0
840.924475137057	-480.42020498415434	0
841.4468013249898	-480.9119287874148	0
841.9690522459626	-481.4035853632238	0
842.4912280160486	-481.89517478940496	0
843.0133287510406	-482.3866971436503	0
843.5353545664525	-482.87815250352	0
844.0573055775201	-483.3695409464432	0
844.5791818992017	-483.86086254971764	0
845.1009836461793	-484.3521173905106	0
845.6227109328596	-484.8433055458588	0
846.1443638733745	-485.3344270926686	0
846.6659425815823	-485.8254821077165	0
847.1874471710687	-486.3164706676492	0
847.7088777551473	-486.8073928489841	0
848.2302344468609	-487.2982487281094	0
848.7515173589819	-487.7890383812844	0
849.2727266040138	-488.2797618846397	0
849.7938622941915	-488.7704193141777	0
850.3149245414826	-489.26101074577247	0
850.8359134575879	-489.7515362551705	0
851.3568291539427	-490.24199591799055	0
851.8776717417172	-490.7323898097241	0
852.3984413318177	-491.22271800573566	0
852.9191380348872	-491.71298058126285	0
853.4397619613063	-492.20317761141683	0
853.9603132211945	-492.69330917118253	0
854.4807919244103	-493.1833753354189	0
855.0011981805525	-493.673376178859	0
855.5215320989611	-494.16331177611056	0
856.0417937887178	-494.6531822016561	0
856.561983358647	-495.1429875298531	0
857.0821009173169	-495.63272783493437	0
857.6021465730397	-496.1224031910083	0
858.122120433873	-496.612013672059	0
858.6420226076202	-497.1015593519468	0
859.161853201832	-497.5910403044082	0
859.681612323806	-498.08045660305635	0
860.2013000805888	-498.5698083213813	0
860.720916578976	-499.05909553275006	0
861.2404619255134	-499.54831831040707	0
861.7599362264973	-500.03747672747437	0
862.279339587976	-500.52657085695176	0
862.7986721157499	-501.01560077171723	0
863.3179339153728	-501.50456654452705	0
863.8371250921525	-501.99346824801614	0
864.3562457511515	-502.48230595469823	0
864.8752959971878	-502.97107973696615	0
865.3942759348357	-503.45978966709214	0
865.9131856684269	-503.948435817228	0
866.4320253020505	-504.43701825940536	0
866.9507949395546	-504.925537065536	0
867.4694946845466	-505.41399230741195	0
867.988124640394	-505.90238405670584	0
868.5066849102251	-506.3907123849712	0
869.0251755969301	-506.87897736364266	0
869.5435968031616	-507.36717906403607	0
870.0619486313351	-507.8553175573489	0
870.5802311836303	-508.3433929146604	0
871.0984445619914	-508.83140520693195	0
871.616588868128	-509.31935450500714	0
872.134664203516	-509.80724087961215	0
872.6526706693977	-510.29506440135594	0
873.1706083667835	-510.7828251407305	0
873.688477396452	-511.270523168111	0
874.2062778589504	-511.75815855375623	0
874.7240098545964	-512.2457313678086	0
875.2416734834775	-512.7332416802947	0
875.7592688454529	-513.220689561125	0
876.2767960401534	-513.7080750800949	0
876.7942551669825	-514.1953983068839	0
877.311646325117	-514.682659311057	0
877.8289696135079	-515.1698581620641	0
878.3462251308807	-515.6569949292405	0
878.8634129757365	-516.1440696818071	0
879.3805332463526	-516.6310824888709	0
879.8975860407827	-517.1180334194248	0
880.4145714568585	-517.604922542348	0
880.9314895921897	-518.0917499264066	0
881.4483405441648	-518.578515640253	0
881.9651244099521	-519.0652197524272	0
882.4818412865	-519.551862331356	0
882.9984912705378	-520.038443445354	0
883.5150744585765	-520.5249631626234	0
884.0315909469092	-521.0114215512544	0
884.5480408316122	-521.4978186792255	0
885.0644242085452	-521.9841546144033	0
885.5807411733524	-522.4704294245435	0
886.0969918214628	-522.9566431772903	0
886.6131762480909	-523.4427959401772	0
887.1292945482376	-523.9288877806271	0
887.6453468166907	-524.4149187659522	0
888.1613331480255	-524.9008889633548	0
888.6772536366055	-525.3867984399269	0
889.1931083765832	-525.8726472626511	0
889.7088974619004	-526.3584354984001	0
890.2246209862892	-526.8441632139376	0
890.7402790432724	-527.329830475918	0
891.2558717261643	-527.8154373508869	0
891.7713991280712	-528.3009839052813	0
892.286861341892	-528.7864702054297	0
892.802258460319	-529.2718963175525	0
893.3175905758385	-529.7572623077621	0
893.8328577807314	-530.2425682420629	0
894.3480601670736	-530.7278141863522	0
894.863197826737	-531.2130002064197	0
895.3782708513896	-531.698126367948	0
895.893279332497	-532.183192736513	0
896.4082233613218	-532.6681993775837	0
896.9231030289254	-533.1531463565229	0
897.4379184261679	-533.6380337385871	0
897.9526696437088	-534.1228615889265	0
898.4673567720076	-534.607629972586	0
898.9819799013248	-535.0923389545046	0
899.496539121722	-535.5769885995161	0
900.0110345230626	-536.061578972349	0
900.5254661950124	-536.546110137627	0
901.0398342270407	-537.030582159869	0
901.55413870842	-537.5149951034895	0
902.0683797282273	-537.9993490327985	0
902.5825573753443	-538.4836440120021	0
903.0966717384581	-538.9678801052025	0
903.6107229060619	-539.4520573763983	0
904.1247109664555	-539.9361758894846	0
904.6386360077456	-540.4202357082532	0
905.1524981178469	-540.904236896393	0
905.6662973844822	-541.3881795174899	0
906.1800338951833	-541.8720636350274	0
906.6937077372914	-542.3558893123866	0
907.2073189979577	-542.8396566128463	0
907.7208677641439	-543.3233655995833	0
908.2343541226229	-543.8070163356728	0
908.7477781599792	-544.2906088840881	0
909.2611399626097	-544.7741433077016	0
909.7744396167238	-545.2576196692842	0
910.2876772083446	-545.7410380315059	0
910.8008528233089	-546.2243984569362	0
911.3139665472679	-546.7077010080438	0
911.8270184656881	-547.1909457471971	0
912.3400086638511	-547.6741327366645	0
912.8529372268549	-548.1572620386144	0
913.365804239614	-548.6403337151153	0
913.8786097868602	-549.1233478281365	0
914.3913539531428	-549.6063044395478	0
914.9040368228295	-550.0892036111198	0
915.4166584801068	-550.5720454045245	0
915.9292190089802	-551.0548298813347	0
916.4417184932754	-551.5375571030252	0
916.9541570166382	-552.020227130972	0
917.4665346625354	-552.5028400264533	0
917.9788515142553	-552.9853958506494	0
918.4911076549079	-553.4678946646427	0
919.0033031674257	-553.9503365294181	0
919.5154381345643	-554.4327215058632	0
920.0275126389027	-554.9150496547686	0
920.5395267628439	-555.3973210368277	0
921.0514805886154	-555.8795357126374	0
921.5633741982697	-556.361693742698	0
922.0752076736848	-556.8437951874132	0
922.5869810965646	-557.325840107091	0
923.09869454844	-557.8078285619431	0
923.6103481106684	-558.2897606120856	0
924.121941864435	-558.7716363175389	0
924.6334758907531	-559.2534557382281	0
925.1449502704642	-559.7352189339831	0
925.6563650842392	-560.2169259645389	0
926.1677204125783	-560.6985768895354	0
926.6790163358119	-561.1801717685182	0
927.1902529341005	-561.6617106609384	0
927.7014302874361	-562.1431936261528	0
928.2125484756418	-562.6246207234241	0
928.7236075783729	-563.1059920119213	0
929.234607675117	-563.5873075507197	0
929.7455488451945	-564.0685673988012	0
930.2564311677596	-564.549771615054	0
930.7672547217999	-565.0309202582739	0
931.2780195861377	-565.5120133871632	0
931.78872583943	-565.9930510603316	0
932.299373560169	-566.4740333362964	0
932.8099628266829	-566.9549602734826	0
933.3204937171358	-567.4358319302227	0
933.830966309529	-567.9166483647575	0
934.3413806817006	-568.397409635236	0
934.8517369113263	-568.8781157997155	0
935.3620350759201	-569.3587669161618	0
935.8722752528345	-569.8393630424496	0
936.3824575192609	-570.3199042363625	0
936.8925819522303	-570.8003905555931	0
937.4026486286136	-571.2808220577435	0
937.9126576251222	-571.7611988003252	0
938.422609018308	-572.2415208407593	0
938.9325028845644	-572.7217882363768	0
939.4423393001266	-573.2020010444187	0
939.9521183410718	-573.6821593220362	0
940.46184008332	-574.162263126291	0
940.9715046026342	-574.6423125141553	0
941.481111974621	-575.1223075425119	0
941.9906622747305	-575.6022482681545	0
942.5001555782579	-576.0821347477884	0
943.0095919603428	-576.5619670380296	0
943.5189714959702	-577.0417451954058	0
944.0282942599705	-577.5214692763564	0
944.5375603270206	-578.0011393372323	0
945.046769771644	-578.4807554342968	0
945.5559226682109	-578.9603176237251	0
946.065019090939	-579.4398259616048	0
946.5740591138941	-579.9192805039361	0
947.08304281099	-580.3986813066316	0
947.5919702559893	-580.8780284255171	0
948.1008415225036	-581.3573219163312	0
948.6096566839943	-581.8365618347259	0
949.1184158137727	-582.3157482362664	0
949.6271189850003	-582.7948811764315	0
950.1357662706894	-583.2739607106139	0
950.6443577437037	-583.7529868941199	0
951.1528934767585	-584.2319597821701	0
951.6613735424212	-584.7108794298991	0
952.1697980131113	-585.1897458923562	0
952.6781669611015	-585.6685592245051	0
953.1864804585176	-586.1473194812243	0
953.6947385773392	-586.626026717307	0
954.2029413893998	-587.104680987462	0
954.7110889663877	-587.5832823463128	0
955.2191813798457	-588.0618308483987	0
955.7272187011721	-588.5403265481744	0
956.2352010016208	-589.0187695000105	0
956.7431283523019	-589.4971597581934	0
957.2510008241819	-589.9754973769257	0
957.7588184880841	-590.4537824103261	0
958.2665814146892	-590.9320149124298	0
958.7742896745355	-591.4101949371887	0
959.2819433380193	-591.8883225384714	0
959.7895424753955	-592.3663977700631	0
960.2970871567776	-592.8444206856667	0
960.8045774521386	-593.3223913389019	0
961.3120134313108	-593.8003097833059	0
961.8193951639867	-594.2781760723336	0
962.326722719719	-594.7559902593574	0
962.8339961679213	-595.2337523976679	0
963.3412155778683	-595.7114625404736	0
963.848381018696	-596.1891207409011	0
964.3554925594027	-596.6667270519956	0
964.8625502688486	-597.1442815267209	0
965.3695542157568	-597.6217842179592	0
965.8765044687132	-598.0992351785118	0
966.3834010961671	-598.576634461099	0
966.8902441664317	-599.0539821183603	0
967.3970337476842	-599.5312782028545	0
967.9037699079664	-600.00852276706	0
968.4104527151849	-600.4857158633746	0
968.9170822371115	-600.9628575441162	0
969.4236585413836	-601.4399478615227	0
969.9301816955046	-601.9169868677519	0
970.4366517668443	-602.3939746148822	0
970.9430688226389	-602.870911154912	0
971.449432929992	-603.3477965397609	0
971.9557441558743	-603.8246308212688	0
972.4620025671244	-604.3014140511967	0
972.9682082304489	-604.7781462812267	0
973.4743612124231	-605.254827562962	0
973.9804615794909	-605.7314579479273	0
974.4865093979655	-606.208037487569	0
974.9925047340295	-606.6845662332547	0
975.4984476537354	-607.1610442362744	0
976.0043382230061	-607.6374715478397	0
976.5101765076349	-608.1138482190846	0
977.0159625732861	-608.5901743010653	0
977.5216964854951	-609.0664498447605	0
978.0273783096692	-609.5426749010716	0
978.5330081110873	-610.0188495208224	0
979.0385859549009	-610.49497375476	0
979.5441119061339	-610.9710476535545	0
980.0495860296835	-611.447071267799	0
980.5550083903198	-611.9230446480101	0
981.0603790526868	-612.398967844628	0
981.5656980813025	-612.8748409080165	0
982.070965540559	-613.3506638884631	0
982.5761814947233	-613.8264368361795	0
983.0813460079373	-614.3021598013012	0
983.5864591442182	-614.7778328338883	0
984.0915209674589	-615.253455983925	0
984.5965315414282	-615.7290293013203	0
985.1014909297713	-616.2045528359077	0
985.60639919601	-616.6800266374457	0
986.1112564035429	-617.1554507556177	0
986.6160626156462	-617.6308252400322	0
987.1208178954735	-618.1061501402231	0
987.6255223060563	-618.5814255056497	0
988.1301759103045	-619.0566513856968	0
988.6347787710065	-619.5318278296751	0
989.1393309508296	-620.006954886821	0
989.6438325123204	-620.4820326062969	0
990.1482835179048	-620.9570610371915	0
990.6526840298889	-621.4320402285196	0
991.1570341104585	-621.9069702292226	0
991.6613338216804	-622.3818510881684	0
992.1655832255017	-622.8566828541517	0
992.669782383751	-623.331465575894	0
993.173931358138	-623.8061993020438	0
993.6780302102544	-624.2808840811767	0
994.1820790015738	-624.7555199617959	0
994.6860777934521	-625.2301069923317	0
995.190026647128	-625.704645221142	0
995.6939256237229	-626.1791346965125	0
996.1977747842417	-626.6535754666568	0
