-0.0	0.0	0
-3.734316908913145e-08	9.338963520836847e-09	0
-2.9882493368801884e-07	7.475740145509157e-08	0
-1.0088050756445337e-06	2.524622925526071e-07	0
-2.391889760638695e-06	5.98803641667058e-07	0
-4.672937149225516e-06	1.1702788227245703e-06	0
-8.077063021734889e-06	2.0235369434394924e-06	0
-1.2829646417317084e-05	3.2153832322914224e-06	0
-1.915633528742287e-05	4.802783448281623e-06	0
-2.728305216400759e-05	6.842868313991096e-06	0
-3.7435999842749084e-05	9.392937972466784e-06	0
-4.9841667081569656e-05	1.2510466468466715e-05	0
-6.472683431475287e-05	1.625310625459929e-05	0
-8.231857938294625e-05	2.0678692722896444e-05	0
-0.00010284428327934163	2.5845248762364983e-05	0
-0.00012653163591232512	3.181098934306519e-05	0
-0.00015360864188488927	3.8634326127270476e-05	0
-0.00018430362629110044	4.6373872108266874e-05	0
-0.00021884524052991484	5.508844627735616e-05	0
-0.0002574624681366373	6.483707831963142e-05	0
-0.0003003846306323168	7.567901333909924e-05	0
-0.0003478413933913746	8.767371661372794e-05	0
-0.00040006277152775864	0.00010088087838100664	0
-0.0004572791357999223	0.00011536041865460577	0
-0.0005197212185349217	0.0001311724920727348	0
-0.00058762011957193	0.00014837749277879942	0
-0.0006612073122254646	0.00016703605933496545	0
-0.0007407146492686263	0.00018720907966924356	0
-0.0008263743689366476	0.00020895769605671445	0
-0.0009184191009510489	0.00023234331013552046	0
-0.001017081872564703	0.00025742758795825637	0
-0.0011225961146281054	0.00028427246507939765	0
-0.0012351956676771526	0.00031294015167941224	0
-0.0013551147880427267	0.00034349313772620755	0
-0.0014825881539823889	0.00037599419817457196	0
-0.0016178508718344836	0.0004105063982042766	0
-0.0017611384821949526	0.0004470930984975106	0
-0.001912686966117163	0.0004858179605563296	0
-0.002072732751335053	0.0005267449520608063	0
-0.0022415127185098954	0.0005699383522685766	0
-0.0024192642075009834	0.000615462757456485	0
-0.0026062250236605442	0.0006633830864050397	0
-0.0028026334441531814	0.0007137645859263956	0
-0.003008728224300154	0.0007666728364365909	0
-0.0032247486039487924	0.0008221737575727738	0
-0.003450934313867362	0.0008803336138561591	0
-0.003687525582165673	0.0009412190204014699	0
-0.003934763140741749	0.0010048969486736203	0
-0.004192888231754856	0.0010714347322924112	0
-0.004462142614125197	0.001140900072886015	0
-0.004742768570060583	0.0012133610459940359	0
-0.005035008911610379	0.001288886107020943	0
-0.005339106987247045	0.00136754409724068	0
-0.005655306688475563	0.0014494042498532666	0
-0.005983852456471066	0.001534536196094218	0
-0.006324989288744979	0.0016230099713976146	0
-0.006678962745839965	0.0017148960216136662	0
-0.007046018958054002	0.0018102652092816284	0
-0.00742640463219388	0.0019091888199589332	0
-0.007820367058358438	0.0020117385686074106	0
-0.008228154116751842	0.0021179866060374868	0
-0.00865001428452721	0.002228005525411258	0
-0.009086196642660891	0.002341868368805346	0
-0.009536950882857713	0.0024596486338344585	0
-0.010002527314487484	0.0025814202803365782	0
-0.010483176871553082	0.002707257737120733	0
-0.010979151119690417	0.0028372359087782957	0
-0.01149070226320057	0.0029714301825587786	0
-0.012018083152114433	0.0031099164353111087	0
-0.012561547289290133	0.0032527710404913674	0
-0.013121348837543553	0.003400070875238004	0
-0.01369774262681226	0.003551893327515536	0
-0.014290984161353121	0.0037083163033277697	0
-0.014901329626973936	0.0038694182340015815	0
-0.01552903589829936	0.004035278083542317	0
-0.016174360546071447	0.004205975356061881	0
-0.016837561844485087	0.004381590103280598	0
-0.01751889877855864	0.004562202932103947	0
-0.01821863105154007	0.00474789501227528	0
-0.0189370190923489	0.004938748084105649	0
-0.0196743240630542	0.005134844466281895	0
-0.020430807866389025	0.005336267063754145	0
-0.021206733153301467	0.00554309937570389	0
-0.02200236333054272	0.005755425503593845	0
-0.022817962568292362	0.005973330159300781	0
-0.023653795807821218	0.006196898673332554	0
-0.024510128769192008	0.006426217003130576	0
-0.025387227958998143	0.006661371741458967	0
-0.0262853606781409	0.00690245012488167	0
-0.027204795029645262	0.007149540042328809	0
-0.028145799926514743	0.007402730043753602	0
-0.029108645099625394	0.0076621093488811465	0
-0.030093601105659343	0.007927767856050415	0
-0.031100939335078105	0.00819979615115083	0
-0.032130932020135915	0.008478285516654784	0
-0.03318385224293338	0.00876332794074751	0
-0.034259973943511705	0.009055016126555718	0
-0.03535957192798773	0.009353443501476414	0
-0.03648292187673004	0.009658704226607388	0
-0.037630300352576466	0.00997089320628082	0
-0.03880198480909313	0.010290106097701509	0
-0.03999825359887531	0.01061643932069124	0
-0.04121938598189042	0.010949990067540827	0
-0.04246566213386329	0.011290856312971387	0
-0.04373736315470398	0.01163913682420643	0
-0.0450347710769784	0.011994931171156364	0
-0.046358168874421894	0.01235833973671703	0
-0.047707840470496116	0.012729463727183943	0
-0.049084070746989276	0.013108405182783875	0
-0.05048714555266009	0.013495266988325493	0
-0.05191735171192555	0.013890152883970771	0
-0.05337497703359279	0.014293167476128908	0
-0.054860310319635223	0.01470441624847452	0
-0.05637364137401304	0.015124005573091915	0
-0.057915261011538426	0.015552042721747235	0
-0.05948546106678555	0.015988635877290342	0
-0.061084534403045516	0.01643389414518829	0
-0.06271277492132646	0.016887927565192296	0
-0.06437047756939895	0.01735084712314013	0
-0.06605793835088687	0.017822764762895845	0
-0.06777545433440378	0.018303793398428886	0
-0.06952332366273511	0.018794046926034515	0
-0.07130184556206615	0.019293640236697635	0
-0.07311132035125598	0.019802689228602045	0
-0.07495204945115753	0.020321310819787258	0
-0.07682433539398378	0.020849622960954946	0
-0.07872848183272022	0.021387744648427225	0
-0.08066479355058358	0.021935795937258938	0
-0.08263357647052716	0.022493897954506133	0
-0.08463513766479241	0.023062172912653032	0
-0.08666978536450719	0.02364074412319972	0
-0.08873782896933045	0.024229736010412894	0
-0.09083957905714367	0.024829274125242034	0
-0.09297534739378868	0.025439485159403325	0
-0.09514544694285229	0.0260604969596338	0
-0.09735019187549734	0.026692438542118117	0
-0.0995898975803404	0.027335440107090478	0
-0.10186488067337597	0.02798963305361419	0
-0.10417545900794717	0.028655149994541437	0
-0.10652195168476279	0.02933212477165587	0
-0.10890467906196075	0.03002069247100061	0
-0.11132396276521764	0.03072098943839438	0
-0.11378012569790458	0.03143315329513844	0
-0.11627349205128884	0.03215732295391707	0
-0.11880438731478146	0.03289363863489447	0
-0.12137313828623049	0.03364224188201074	0
-0.12398007308225967	0.03440327557947999	0
-0.12662552114865247	0.03517688396849339	0
-0.12930981327078114	0.03596321266413012	0
-0.13203328158408062	0.036762408672479256	0
-0.13479625958456695	0.03757462040797557	0
-0.13759908213940003	0.03839999771095243	0
-0.14044208549749035	0.039238691865414774	0
-0.14332560730014923	0.04009085561703554	0
-0.14624998659178257	0.040956643191378546	0
-0.14921556383062723	0.04183621031235126	0
-0.15222268089953023	0.042729714220890724	0
-0.15527168111676978	0.04363731369388593	0
-0.15836290924691812	0.04455916906334017	0
-0.16149671151174533	0.04549544223577672	0
-0.16467343560116393	0.046446296711891474	0
-0.16789343068421358	0.04741189760645596	0
-0.17115704742008517	0.04839241166847451	0
-0.17446463796918393	0.049388007301599056	0
-0.1778165560042309	0.05039885458480551	0
-0.18121315672140198	0.051425125293335275	0
-0.18465479685150385	0.052466992919905864	0
-0.1881418346711862	0.05352463269619443	0
-0.1916746300141893	0.05459822161459821	0
-0.1952535442826264	0.0556879384502758	0
-0.1988789404582996	0.05679396378347344	0
-0.20255118311404888	0.057916480022140254	0
-0.20627063842513305	0.05905567142483676	0
-0.2100376741806416	0.06021172412394081	0
-0.21385265979493676	0.0613848261491553	0
-0.2177159663191243	0.06257516745132193	0
-0.2216279664525523	0.06378293992654549	0
-0.22558903455433674	0.06500833744063317	0
-0.22959954665491225	0.06625155585385337	0
-0.23365988046760758	0.06751279304601865	0
-0.23777041540024377	0.06879224894189753	0
-0.241931532566754	0.07009012553695983	0
-0.2461436147988238	0.07140662692346034	0
-0.2504070466575498	0.07274195931686582	0
-0.25472221444511606	0.07409633108263011	0
-0.2590895062164858	0.07546995276332247	0
-0.26350931179110737	0.0768630371061142	0
-0.2679820227646327	0.07827579909062875	0
-0.27250803252064587	0.07970845595716043	0
-0.27708773624240113	0.08116122723526718	0
-0.28172153092456725	0.08263433477274261	0
-0.28640981538497723	0.0841280027649729	0
-0.29115299027638053	0.08564245778468407	0
-0.29595145809819623	0.08717792881208511	0
-0.300805623208265	0.08873464726541275	0
-0.30571589183459696	0.09031284703188368	0
-0.31068267208711403	0.09191276449905991	0
-0.3157063739693834	0.09353463858663329	0
-0.3207874093903403	0.0951787107786352	0
-0.3259261921759971	0.09684522515607742	0
-0.3311231380811364	0.09853442843003045	0
-0.33637866480098466	0.10024656997514536	0
-0.3416931919828644	0.10198190186362571	0
-0.3470671412378212	0.10374067889965582	0
-0.3525009361522228	0.10552315865429186	0
-0.35799500229932724	0.10732960150082253	0
-0.36354976725081645	0.10916027065060578	0
-0.3691656605882919	0.1110154321893885	0
-0.37484311391472924	0.11289535511411597	0
-0.3805825608658875	0.11480031137023802	0
-0.3863844371216701	0.11673057588951892	0
-0.3922491804174331	0.1186864266283581	0
-0.39817723055523685	0.12066814460662906	0
-0.4041690294150369	0.1226760139470435	0
-0.4102250209658102	0.12471032191504838	0
-0.41634565127661194	0.1267713589592632	0
-0.4225313685275583	0.12885941875246512	0
-0.42878262302073106	0.13097479823312963	0
-0.4350998671909986	0.1331177976475346	0
-0.4414835556167487	0.13528872059243544	0
-0.4479341450305279	0.1374878740583195	0
-0.4544520943295823	0.13971556847324756	0
-0.46103786458629353	0.14197211774729093	0
-0.46769191905850604	0.14425783931757188	0
-0.47441472319973776	0.1465730541939164	0
-0.48120674466926966	0.14891808700512707	0
-0.48806845334210763	0.15129326604588522	0
-0.4950003213188101	0.15369892332429055	0
-0.5020028229351752	0.1561353946100472	0
-0.5090764347717803	0.1586030194833049	0
-0.5162216356633679	0.16110214138416465	0
-0.523438906708069	0.16363310766285713	0
-0.5307287312764591	0.16619626963060383	0
-0.5380915950204362	0.1687919826111695	0
-0.545527985881916	0.17142060599311573	0
-0.5530383941013338	0.17408250328276456	0
-0.5606233122259467	0.17677804215788218	0
-0.5682832351179261	0.179507594522092	0
-0.5760186599622326	0.18227153656002684	0
-0.5838300862742639	0.18507024879323014	0
-0.5917180159072671	0.18790411613681604	0
-0.599682953059504	0.19077352795689834	0
-0.6077254042811618	0.19367887812879825	0
-0.6158458784809979	0.19662056509604145	0
-0.624044886932708	0.19959899193015435	0
-0.6323229432810077	0.20261456639127007	0
-0.6406805635474159	0.2056677009895546	0
-0.6491182661357289	0.2087588130474636	0
-0.6576365718371734	0.21188832476284025	0
-0.6662360038352265	0.2150566632728653	0
-0.6749170877100901	0.21826426071886942	0
-0.6836803514428071	0.22151155431201933	0
-0.6925263254190069	0.224798986399888	0
-0.7014555424322653	0.22812700453392026	0
-0.7104685376870664	0.23149606153780494	0
-0.7195658488013519	0.23490661557676404	0
-0.7287480158086427	0.23835913022777078	0
-0.738015581159718	0.24185407455070734	0
-0.7473690897238371	0.2453919231604736	0
-0.7568090887894868	0.24897315630005815	0
-0.7663361280646396	0.25259825991458307	0
-0.7759507596765042	0.25626772572633366	0
-0.7856535381707526	0.2599820513107848	0
-0.7954450205102053	0.26374174017363483	0
-0.8053257660729568	0.26754730182885933	0
-0.8152963366499221	0.2713992518777953	0
-0.8253572964417856	0.27529811208926774	0
-0.8355092120553327	0.27924441048077037	0
-0.8457526524991436	0.28323868140071123	0
-0.8560881891786284	0.2872814656117353	0
-0.8665163958903824	0.29137331037513525	0
-0.87703784881584	0.2955147695363622	0
-0.8876531265142031	0.29970640361164697	0
-0.8983628099146239	0.3039487798757443	0
-0.9091674823076147	0.3082424724508105	0
-0.9200677293356633	0.31258806239642606	0
-0.9310641389830276	0.3169861378007746	0
-0.9421573015646844	0.3214372938729888	0
-0.9533478097144044	0.3259421330366745	0
-0.9646362583719293	0.33050126502462407	0
-0.976023244769221	0.33511530697472913	0
-0.9875093684157541	0.3397848835271044	0
-0.9990952310828256	0.3445106269224317	0
-1.0107814367868477	0.3492931771015354	0
-1.0225685917715965	0.35413318180619957	0
-1.0344573044893832	0.3590312966812356	0
-1.0464481855811154	0.3639881853778115	0
-1.0585418478552173	0.36900451965805137	0
-1.070738906265372	0.37408097950091446	0
-1.0830399778870543	0.3792182532093633	0
-1.0954456818928149	0.38441703751882905	0
-1.1079566395262825	0.3896780377069825	0
-1.1205734740748448	0.3950019677048193	0
-1.1332968108409691	0.4003895502090668	0
-1.1461272771121258	0.4058415167959195	0
-1.159065502129272	0.41135860803611096	0
-1.1721121170538549	0.4169415736113278	0
-1.1852677549332926	0.42259117243197264	0
-1.19853305066489	0.428308172756281	0
-1.211908640958142	0.4340933523107979	0
-1.2253951642953849	0.4399474984122176	0
-1.2389932608907406	0.4458714080905926	0
-1.252703572647316	0.4518658882139129	0
-1.2665267431126	0.4579317556140599	0
-1.2804634174320149	0.46406983721413686	0
-1.2945142423005664	0.47028097015717674	0
-1.3086798659125436	0.47656600193622906	0
-1.322960937909212	0.4829257905258246	0
-1.33735810932445	0.4893612045148184	0
-1.3518720325282667	0.4958731232406079	0
-1.36650336116815	0.5024624369247247	0
-1.3812527501081822	0.509130046809796	0
-1.3961208553658653	0.5158768652978707	0
-1.4111083340465964	0.5227038160901054	0
-1.4262158442757278	0.529611834327803	0
-1.4414440451281505	0.5366018667347959	0
-1.4567935965553356	0.5436748717611657	0
-1.4722651593097673	0.5508318197282878	0
-1.4878593948666998	0.5580736929751903	0
-1.5035769653431688	0.5654014860062143	0
-1.5194185334141868	0.5728162056399603	0
-1.5353847622260515	0.5803188711595053	0
-1.551476315306693	0.5879105144638737	0
-1.5676938564729845	0.595592180220742	0
-1.584038049734941	0.6033649260203574	0
-1.6005095591967284	0.6112298225306465	0
-1.6171090489544042	0.6191879536534917	0
-1.6338371829903064	0.6272404166821465	0
-1.6506946250640118	0.6353883224597641	0
-1.6676820385997786	0.6436327955390064	0
-1.6848000865703878	0.6519749743427027	0
-1.7020494313772974	0.6604160113255219	0
-1.7194307347270203	0.6689570731366223	0
-1.7369446575036385	0.6775993407832387	0
-1.7545918596373586	0.6863440097951643	0
-1.772372999969021	0.6951922903900835	0
-1.7902887361104645	0.7041454076397076	0
-1.8083397243006525	0.7132046016366633	0
-1.8265266192574656	0.7223711276620804	0
-1.8448500740250584	0.7316462563538227	0
-1.8633107398166848	0.7410312738753024	0
-1.8819092658528882	0.7505274820848157	0
-1.900646299194955	0.7601361987053324	0
-1.919522484573529	0.769858757494672	0
-1.938538464212278	0.7796965084159895	0
-1.9576948776465122	0.7896508178084977	0
-1.9769923615366412	0.7997230685583423	0
-1.996431549476365	0.8099146602695466	0
-2.0160130717954887	0.820227009434935	0
-2.035737555357249	0.8306615496069432	0
-2.055605623350043	0.8412197315682169	0
-2.075617895073444	0.8519030235018973	0
-2.095774985718396	0.8627129111614834	0
-2.1160775061414663	0.8736508980401639	0
-2.1365260626330507	0.884718505539497	0
-2.157121256679405	0.8959172731373193	0
-2.1778636847183965	0.9072487585547538	0
-2.1987539378888576	0.918714537922187	0
-2.2197926017734217	0.930316205944073	0
-2.2409802561347285	0.9420553760624233	0
-2.2623174746448833	0.9539336806188302	0
-2.2838048246080525	0.9659527710148684	0
-2.3054428666760787	0.9781143178707116	0
-2.3272321545570054	0.9904200111817946	0
-2.34917323471639	1.0028715604733467	0
-2.371266646071297	1.0154706949526127	0
-2.3935129196768563	1.0282191636585718	0
-2.4159125784052766	1.04111873560896	0
-2.4384661366172025	1.0541711999443897	0
-2.4611740998253064	1.0673783660693577	0
-2.4840369643500146	1.0807420637899212	0
-2.507055216967254	1.094264143447818	0
-2.5302293345481273	1.1079464760507927	0
-2.5535597836904085	1.1217909533988908	0
-2.5770470203417712	1.1357994882064686	0
-2.6006914894146504	1.1499740142196593	0
-2.6244936243926493	1.1643164863290298	0
-2.6484538469284105	1.1788288806771523	0
-2.6725725664328612	1.1935131947608055	0
-2.696850179655767	1.2083714475275131	0
-2.7212870702575116	1.2234056794661174	0
-2.745883608372042	1.2386179526910768	0
-2.7706401501609204	1.2540103510201666	0
-2.7955570373584187	1.2695849800452554	0
-2.820634596807619	1.2853439671958165	0
-2.845873139987472	1.3012894617948274	0
-2.87127296253078	1.317423635106701	0
-2.896834343733081	1.3337486803768797	0
-2.9225575460524174	1.350266812862719	0
-2.9484428145999764	1.366980269855274	0
-2.9744903766216093	1.3838913106915924	0
-3.0007004409702347	1.401002216757115	0
-3.027073197569154	1.4183152914777641	0
-3.053608816866305	1.4358328603013026	0
-3.0803074492795055	1.4535572706675302	0
-3.1071692246327385	1.471490891966875	0
-3.1341942515835504	1.4896361154869355	0
-3.1613826170416477	1.5079953543465112	0
-3.188734385578788	1.526571043416658	0
-3.2162495988300797	1.5453656392282946	0
-3.2439282748868132	1.564381619865877	0
-3.2717704076809806	1.583621484846653	0
-3.2997759663616306	1.6030877549849984	0
-3.3279448946632475	1.6227829722413356	0
-3.356277110266349	1.6427096995551205	0
-3.384772504150519	1.6628705206613865	0
-3.413430939940113	1.6832680398903226	0
-3.442252253242891	1.7039048819493618	0
-3.471236250981859	1.7247836916872508	0
-3.500382710720616	1.7459071338395658	0
-3.5296913799825305	1.7672778927551425	0
-3.5591619755640957	1.7888986721028803	0
-3.588794182842828	1.8107721945583826	0
-3.6185876550801077	1.8329012014698938	0
-3.648542012719382	1.8552884525029967	0
-3.678656842680177	1.8779367252635302	0
-3.708931697648389	1.9008488148981961	0
-3.7393660953633625	1.9240275336723223	0
-3.769959517902276	1.947475710524258	0
-3.8007114109623985	1.971196190595881	0
-3.8316211831418037	1.9951918347387048	0
-3.8626882052191522	2.019465518995081	0
-3.893911809433195	2.0440201340540063	0
-3.92529128876267	2.0688585846810477	0
-3.9568258962073033	2.0939837891219204	0
-3.9885148440706497	2.1193986784792638	0
-4.020357303245546	2.1451061960621756	0
-4.052352402502976	2.1711092967080843	0
-4.084499227785187	2.197410946076562	0
-4.116796821503915	2.2240141199146946	0
-4.149244181844618	2.2509218032936564	0
-4.181840262077654	2.2781369898161596	0
-4.21458396987735	2.3056626807944713	0
-4.247474166649968	2.333501884398729	0
-4.280509666871574	2.361657614775309	0
-4.313689237436882	2.390132891135038	0
-4.347011597020131	2.418930736811078	0
-4.3804754154491325	2.448054178286341	0
-4.414079313093599	2.477506244190346	0
-4.447821860268945	2.5072899642654543	0
-4.481701576656733	2.5374083683024806	0
-4.515716930742993	2.5678644850457104	0
-4.549866339275648	2.5986613410674098	0
-4.5841481667423105	2.629801959611963	0
-4.618560724869733	2.6612893594098233	0
-4.653102272146206	2.693126553461522	0
-4.687771013368231	2.7253165477920325	0
-4.722565099212785	2.7578623401758495	0
-4.757482625836536	2.790766918833202	0
-4.792521634503345	2.824033261097881	0
-4.827680111241426	2.857664332057229	0
-4.862955986531524	2.8916630831649055	0
-4.898347135027477	2.9260324508271065	0
-4.933851375310521	2.96077535496299	0
-4.969466469678704	2.9958946975401273	0
-5.0051901239727545	3.031393361085872	0
-5.041019987439752	3.0672742071756147	0
-5.076953652635908	3.10354007489896	0
-5.112988655369783	3.140193779304941	0
-5.149122474687206	3.177238109827459	0
-5.185352532899163	3.2146758286922172	0
-5.221676195653872	3.252509669306481	0
-5.258090772054247	3.2907423346330873	0
-5.294593514821888	3.329376495550186	0
-5.331181620508721	3.3684147891982854	0
-5.367852229757335	3.4078598173162313	0
-5.40460242761104	3.447714144567838	0
-5.441429243874582	3.4879802968609446	0
-5.478329653526426	3.528660759660752	0
-5.5153005771834165	3.5697579762993565	0
-5.552338881618584	3.6112743462834596	0
-5.589441380332781	3.6532122236023006	0
-5.626604834180747	3.6955739150379157	0
-5.663825952052133	3.7383616784798814	0
-5.701101391607919	3.7815777212467556	0
-5.738427760072574	3.825224198416478	0
-5.775801615082215	3.8693032111680337	0
-5.813219465588911	3.9138168051367295	0
-5.850677772821205	3.958766968785459	0
-5.8881729513007945	4.004155631794375	0
-5.925701369915208	4.049984663471401	0
-5.9632593530462366	4.096255871186044	0
-6.000843181753726	4.142970998828981	0
-6.038449095014245	4.190131725299892	0
-6.076073291014025	4.23773966302603	0
-6.1137119284954515	4.285796356514003	0
-6.151361128156264	4.334303280937231	0
-6.189016974100508	4.3832618407615405	0
-6.226675515340163	4.432673368411301	0
-6.264332767346243	4.4825391229785225	0
-6.301984713648076	4.53286028897725	0
-6.339627307479299	4.583637975145579	0
-6.377256473469056	4.63487321329755	0
-6.414868109376716	4.686566957227117	0
-6.452458087868344	4.738720081666335	0
-6.49002225833305	4.791333381299815	0
-6.527556448737223	4.84440756983745	0
-6.565056467514563	4.897943279147289	0
-6.6025181054897235	4.951941058450378	0
-6.639937137833281	5.006401373579269	0
-6.677309326045673	5.061324606301804	0
-6.714630419967634	5.1167110537116605	0
-6.751896159814607	5.172560927687043	0
-6.7891022782325345	5.228874354418775	0
-6.826244502372336	5.285651374008922	0
-6.863318555980371	5.342891940140957	0
-6.900320161502081	5.400595919822321	0
-6.937245042195999	5.458763093200137	0
-6.974088924255252	5.517393153450652	0
-7.010847538933667	5.576485706742874	0
-7.047516624673553	5.636040272276691	0
-7.084091929232234	5.696056282395672	0
-7.120569211804382	5.7565330827745225	0
-7.156944245137213	5.817469932681104	0
-7.193212817635623	5.878866005312711	0
-7.229370735454328	5.9407203882062	0
-7.265413824574133	6.003032083721395	0
-7.301337932859468	6.065800009597051	0
-7.33713893209437	6.129022999578528	0
-7.372812719994141	6.192699804116188	0
-7.408355222189967	6.256829091133359	0
-7.4437623941838424	6.321409446862636	0
-7.479030223271222	6.386439376749099	0
-7.514154730428884	6.4519173064189514	0
-7.549131972165583	6.51784158271193	0
-7.583958042333151	6.584210474775742	0
-7.61862907389581	6.651022175220671	0
-7.653141240655539	6.718274801332385	0
-7.687490758931465	6.785966396340889	0
-7.721673889191342	6.854094930743476	0
-7.755686937633291	6.922658303679437	0
-7.789526257716107	6.991654344354228	0
-7.823188251636538	7.061080813510701	0
-7.856669371752082	7.13093540494497	0
-7.889966121947946	7.201215747064408	0
-7.9230750589469805	7.2719194044852244	0
-7.955992793561466	7.3430438796670465	0
-7.988715991885823	7.414586614581874	0
-8.021241376429405	7.48654499241477	0
-8.053565727188655	7.55891633929362	0
-8.08568588265808	7.631697926045283	0
-8.117598740779567	7.704886969975462	0
-8.149301259829729	7.778480636669604	0
-8.180790459245085	7.852476041812181	0
-8.212063420384982	7.92687025302168	0
-8.243117287232316	8.001660291698702	0
-8.273949267032185	8.07684313488454	0
-8.304556630868769	8.152415717127694	0
-8.334936714180792	8.228374932355795	0
-8.365086917216077	8.304717635750453	0
-8.39500470542575	8.381440645622606	0
-8.424687609798797	8.458540745286	0
-8.454133227137753	8.536014684926489	0
-8.48333922027638	8.613859183464898	0
-8.512303318240289	8.692070930411285	0
-8.541023316351538	8.770646587708466	0
-8.569497076278314	8.849582791562803	0
-8.597722526030863	8.928876154260264	0
-8.625697659904922	9.0085232659659	0
-8.653420538373947	9.088520696504919	0
-8.68088928793148	9.16886499712366	0
-8.708102100885084	9.249552702228831	0
-8.735057235103262	9.33058033110346	0
-8.761753013716882	9.411944389598107	0
-8.788187824776596	9.493641371795947	0
-8.814360120867835	9.575667761650479	0
-8.840268418684943	9.658020034594605	0
-8.865911298566047	9.74069465912002	0
-8.891287403990288	9.823688098325848	0
-8.916395441039029	9.906996811435596	0
-8.941234177822674	9.99061725528158	0
-8.965802443874752	10.074545885756024	0
-8.990099129514883	10.158779159228155	0
-9.014123185182267	10.243313533926678	0
-9.03787362074133	10.328145471287078	0
-9.061349504761127	10.413271437263322	0
-9.084549963770124	10.498687903603539	0
-9.107474181487921	10.58439134908938	0
-9.130121398035493	10.670378260738815	0
-9.152490909125497	10.756645134972182	0
-9.174582065234148	10.843188478741377	0
-9.196394270756162	10.930004810622133	0
-9.217926983144238	11.017090661869396	0
-9.239179712034487	11.104442577435865	0
-9.260152018359227	11.192057116953803	0
-9.280843513448497	11.279930855680318	0
-9.301253858121628	11.368060385406297	0
-9.32138276177015	11.456442315329292	0
-9.3412299814333	11.54507327289065	0
-9.360795320867341	11.633949904577241	0
-9.380078629609885	11.723068876688169	0
-9.39907980204032	11.812426876066915	0
-9.417798776437486	11.902020610799338	0
-9.436235534035612	11.991846810878046	0
-9.454390098079562	12.081902228833647	0
-9.472262532880348	12.172183640333424	0
-9.489852942871844	12.262687844748013	0
-9.507161471669598	12.353411665686657	0
-9.524188301132595	12.444351951501659	0
-9.540933650428789	12.535505575762649	0
-9.557397775105153	12.626869437701323	0
-9.57358096616302	12.718440462627294	0
-9.589483549139361	12.81021560231572	0
-9.605105883194708	12.902191835367406	0
-9.620448360208304	12.994366167542037	0
-9.635511403881065	13.086735632065254	0
-9.650295468846933	13.179297289910254	0
-9.664801039793089	13.272048230054615	0
-9.679028630589528	13.364985569713054	0
-9.69297878342844	13.458106454546805	0
-9.706652067973799	13.551408058850324	0
-9.720049080521537	13.644887585716026	0
-9.73317044317067	13.738542267177722	0
-9.746016803005674	13.832369364333479	0
-9.75858883129042	13.926366167448561	0
-9.770887222673915	14.020529996039148	0
-9.782912694408104	14.11485819893749	0
-9.794665985577916	14.209348154339175	0
-9.80614785634378	14.303997269833147	0
-9.817359087196722	14.398802982415145	0
-9.828300478226245	14.493762758485179	0
-9.83897284840104	14.588874093829679	0
-9.849377034862693	14.684134513588935	0
-9.859513892232401	14.779541572210428	0
-9.869384291930817	14.87509285338865	0
-9.878989121511008	14.970785969991992	0
-9.88832928400459	15.066618563977261	0
-9.897405697281023	15.162588306292413	0
-9.90621929342007	15.258692896768009	0
-9.914771018097387	15.35493006399795	0
-9.923061829983208	15.451297565210007	0
-9.93109270015409	15.547793186126645	0
-9.938864611517632	15.644414740816641	0
-9.946378558250105	15.741160071537976	0
-9.95363554524692	15.838027048572465	0
-9.960636587585816	15.935013570052577	0
-9.967382710002681	16.0321175617809	0
-9.973874946379896	16.12933697704266	0
-9.980114339247056	16.226669796411716	0
-9.986101939293977	16.324114027550458	0
-9.991838804895824	16.421667705003948	0
-9.997326001650228	16.519328889988728	0
-10.002564601926254	16.617095670176635	0
-10.007555684425055	16.71496615947399	0
-10.012300333752059	16.812938497796473	0
-10.016799640000531	16.911010850840082	0
-10.021054698346347	17.00918140984839	0
-10.025066608653795	17.107448391376504	0
-10.02883647509225	17.205810037051954	0
-10.032365405763551	17.30426461333284	0
-10.035654512339878	17.402810411263477	0
-10.038704909711981	17.501445746227827	0
-10.041517715647567	17.60016895770094	0
-10.044094050459652	17.69897840899869	0
-10.04643503668473	17.797872487025984	0
-10.048541798770545	17.89684960202371	0
-10.050415462773291	17.99590818731463	0
-10.052057156064066	18.095046699048385	0
-10.053468007044394	18.19426361594587	0
-10.054649144870623	18.293557439043113	0
-10.055601699187031	18.392926691434855	0
-10.056326799867447	18.49236991801801	0
-10.056825576765215	18.591885685235145	0
-10.057099159471319	18.691472580818164	0
-10.057148677080491	18.791129213532322	0
-10.05697525796512	18.890854212920697	0
-10.056580029556807	18.99064622904929	0
-10.055964118135355	19.090503932252854	0
-10.05512864862507	19.190426012881566	0
-10.054074744398163	19.290411181048675	0
-10.052803527085105	19.390458166379215	0
-10.05131611639177	19.490565717759903	0
-10.049613629923194	19.590732603090295	0
-10.047697183013788	19.690957609035298	0
-10.045567888563863	19.791239540779145	0
-10.04322685688228	19.891577221780878	0
-10.040675195535105	19.99196949353143	0
-10.037914009200092	20.092415215312368	0
-10.034944399526848	20.19291326395639	0
-10.031767465002547	20.2934625336096	0
-10.02838430082303	20.39406193549562	0
-10.024795998769157	20.49471039768164	0
-10.021003647088282	20.595406864846385	0
-10.01700833038069	20.6961502980501	0
-10.012811129490885	20.796939674506554	0
-10.008413121403576	20.897773987357134	0
-10.003815379144255	20.99865224544705	0
-9.999018971684217	21.099573473103668	0
-9.994024963849911	21.200536709917017	0
-9.988834416236498	21.301541010522502	0
-9.983448385125497	21.402585444385824	0
-9.977867922406395	21.503669095590137	0
-9.972094075502115	21.604791062625473	0
-9.966127887298233	21.70595045818042	0
-9.959970396075821	21.807146408936102	0
-9.953622635447816	21.908378055362437	0
-9.947085634298821	22.009644551516715	0
-9.940360416728215	22.110945064844472	0
-9.933448001996487	22.212278775982686	0
-9.926349404474696	22.31364487856529	0
-9.91906563359695	22.415042579031006	0
-9.91159769381583	22.516471096433484	0
-9.903946584560638	22.617929662253783	0
-9.89611330019842	22.719417520215142	0
-9.888098829997649	22.820933926100082	0
-9.879904158094476	22.922478147569787	0
-9.871530263461514	23.0240494639858	0
-9.862978119879008	23.125647166234007	0
-9.854248695908371	23.227270556550877	0
-9.845342954867975	23.32891894835201	0
-9.836261854811141	23.430591666062888	0
-9.827006348506236	23.53228804495194	0
-9.817577383418833	23.634007430965763	0
-9.807975901695839	23.735749180566614	0
-9.798202840151545	23.83751266057209	0
-9.788259130255515	23.93929724799699	0
-9.778145698122273	24.04110232989735	0
-9.767863464502694	24.142927303216634	0
-9.757413344777072	24.244771574634076	0
-9.746796248949792	24.34663456041511	0
-9.736013081645536	24.448515686263953	0
-9.725064742106998	24.550414387178204	0
-9.713952124194027	24.65233010730558	0
-9.70267611638416	24.754262299802637	0
-9.691237601774485	24.85621042669556	0
-9.679637458084803	24.958173958742936	0
-9.667876557662012	25.060152375300508	0
-9.655955767485688	25.16214516418792	0
-9.643875949174822	25.264151821557384	0
-9.631637958995643	25.366171851764282	0
-9.619242647870514	25.468204767239655	0
-9.606690861387838	25.570250088364602	0
-9.593983439812938	25.67230734334651	0
-9.581121218099893	25.774376068097137	0
-9.568105025904254	25.87645580611252	0
-9.554935687596636	25.978546108354667	0
-9.541614022277134	26.080646533135017	0
-9.528140843790535	26.18275664599968	0
-9.514516960742283	26.284876019616384	0
-9.500743176515183	26.387004233663138	0
-9.48682028928679	26.489140874718586	0
-9.472749092047463	26.59128553615404	0
-9.458530372619066	26.693437818027125	0
-9.444164913674257	26.795597326977088	0
-9.429653492756373	26.897763676121688	0
-9.414996882299853	26.999936484955665	0
-9.400195849651197	27.102115379250787	0
-9.385251157090414	27.20429999095742	0
-9.370163561852953	27.306489958107626	0
-9.354933816152085	27.40868492471976	0
-9.339562667201704	27.51088454070454	0
-9.324050857239547	27.61308846177257	0
-9.308399123550787	27.715296349343316	0
-9.292608198492	27.817507870455486	0
-9.276678809515463	27.91972269767881	0
-9.260611679193788	28.021940509027193	0
-9.24440752524485	28.124160987873232	0
-9.228067060557002	28.226383822864065	0
-9.211590993214573	28.32860870783855	0
-9.194980026523597	28.430835341745727	0
-9.178234859037788	28.53306342856456	0
-9.161356184584735	28.63529267722497	0
-9.144344692292295	28.737522801530073	0
-9.127201066615175	28.839753520079658	0
-9.109925987361697	28.94198455619488	0
-9.092520129720706	29.04421563784413	0
-9.074984164288638	29.146446497570086	0
-9.057318757096724	29.248676872417896	0
-9.0395245696383	29.350906503864525	0
-9.021602258896237	29.453135137749204	0
-9.003552477370475	29.55536252420497	0
-8.98537587310562	29.657588417591317	0
-8.967073089718639	29.759812576427898	0
-8.948644766426613	29.862034763329277	0
-8.930091538074535	29.964254744940728	0
-8.911414035163169	30.066472291875044	0
-8.89261288387693	30.168687178650348	0
-8.8736887061118	30.270899183628902	0
-8.854642119503257	30.373108088956883	0
-8.835473737454219	30.475313680505113	0
-8.81618416916298	30.57751574781074	0
-8.796774019651151	30.679714084019835	0
-8.777243889791578	30.781908485830918	0
-8.757594376336245	30.88409875343937	0
-8.737826071944145	30.98628469048274	0
-8.717939565209123	31.0884661039869	0
-8.697935440687672	31.190642804313093	0
-8.677814278926686	31.292814605105796	0
-8.657576656491155	31.394981323241428	0
-8.637223145991817	31.497142778777857	0
-8.616754316112722	31.59929879490474	0
-8.596170731638752	31.70144919789463	0
-8.575472953483054	31.803593817054857	0
-8.554661538714392	31.905732484680208	0
-8.53373704058443	32.00786503600632	0
-8.512700008554917	32.109991309163846	0
-8.49155098832478	32.212111145133335	0
-8.470290521857132	32.314224387700826	0
-8.448919147406167	32.41633088341417	0
-8.427437399543969	32.51843048154002	0
-8.405845809187202	32.62052303402153	0
-8.384144903623694	32.7226083954367	0
-8.362335206538916	32.82468642295741	0
-8.340417238042335	32.92675697630909	0
-8.318391514693655	33.02881991773103	0
-8.296258549528941	33.130875111937314	0
-8.274018852086613	33.232922426078424	0
-8.251672928433315	33.33496172970336	0
-8.229221281189664	33.43699289472246	0
-8.20666440955586	33.53901579537073	0
-8.18400280933717	33.641030308171814	0
-8.161236972969276	33.74303631190251	0
-8.138367389543486	33.84503368755783	0
-8.115394544831814	33.947022318316655	0
-8.09231892131191	34.0490020895079	0
-8.069140998191868	34.15097288857723	0
-8.045861251434866	34.25293460505429	0
-8.022480153783693	34.35488713052049	0
-7.9989981747851076	34.45683035857722	0
-7.975415780814064	34.55876418481467	0
-7.951733435097791	34.66068850678105	0
-7.9279515977397175	34.76260322395237	0
-7.904070725743259	34.86450823770263	0
-7.880091273035449	34.96640345127454	0
-7.85601369049042	35.068288769750644	0
-7.831838425952744	35.17016410002496	0
-7.807565924260607	35.27202935077502	0
-7.783196627268849	35.373884432434345	0
-7.758730973871837	35.475729257165405	0
-7.734169400026202	35.57756373883295	0
-7.709512338773407	35.679387792977785	0
-7.684760220262176	35.78120133679095	0
-7.659913471770764	35.88300428908831	0
-7.634972517729074	35.98479657028554	0
-7.609937779740623	36.0865781023735	0
-7.584809676604353	36.18834880889399	0
-7.5595886243362935	36.290108614915916	0
-7.534275036191065	36.391857447011766	0
-7.508869322683233	36.493595233234515	0
-7.483371891608506	36.59532190309488	0
-7.457783148064789	36.69703738753888	0
-7.432103494473074	36.79874161892582	0
-7.406333330598184	36.90043453100655	0
-7.380473053569368	37.002116058902125	0
-7.354523057900734	37.10378613908273	0
-7.328483735511545	37.20544470934699	0
-7.302355475746349	37.307091708801586	0
-7.276138665394972	37.40872707784116	0
-7.24983368871235	37.51035075812857	0
-7.223440927438221	37.61196269257542	0
-7.196960760816659	37.713562825322924	0
-7.1703935656154645	37.81515110172303	0
-7.143739716145405	37.91672746831988	0
-7.116999584279311	38.018291872831476	0
-7.09017353947102	38.119844264131764	0
-7.063261948774176	38.221384592232845	0
-7.036265176860887	38.32291280826757	0
-7.00918358604023	38.42442886447234	0
-6.982017536276617	38.525932714170224	0
-6.954767385208017	38.62742431175428	0
-6.927433488164031	38.728903612671175	0
-6.900016198183826	38.83037057340503	0
-6.872515866033932	38.93182515146153	0
-6.844932840225888	39.03326730535229	0
-6.8172674670337585	39.13469699457943	0
-6.789520090511502	39.23611417962039	0
-6.761691052510203	39.337518821912994	0
-6.73378069269517	39.43891088384076	0
-6.70578934856289	39.54029032871839	0
-6.67771735545785	39.641657120777495	0
-6.649565046589222	39.74301122515256	0
-6.6213327530474135	39.84435260786711	0
-6.593020803820481	39.94568123582008	0
-6.564629525810417	40.04699707677241	0
-6.536159243849292	40.14830009933382	0
-6.5076102807152845	40.24959027294979	0
-6.478982957148554	40.350867567888784	0
-6.450277591867012	40.452131955229596	0
-6.42149450158194	40.55338340684894	0
-6.392634001013493	40.65462189540919	0
-6.363696402906076	40.75584739434638	0
-6.33468201804358	40.857059877858276	0
-6.305591155264512	40.95825932089271	0
-6.2764241214769845	41.059445699136056	0
-6.247181221673586	41.16061898900192	0
-6.217862758946131	41.26177916761993	0
-6.188469034500287	41.36292621282476	0
-6.159000347670073	41.4640601031453	0
-6.129456995932249	41.56518081779397	0
-6.099839274920575	41.66628833665622	0
-6.070147478439961	41.76738264028017	0
-6.040381898480487	41.86846370986642	0
-6.010542825231321	41.969531527258006	0
-5.980630547094505	42.0705860749305	0
-5.9506453506986405	42.171627335982286	0
-5.920587520912445	42.27265529412494	0
-5.890457340858209	42.373669933673774	0
-5.8602550919251275	42.474671239538544	0
-5.829981053782531	42.57565919721427	0
-5.799635504392996	42.676633792772186	0
-5.76921872002535	42.77759501285085	0
-5.738730975267568	42.87854284464738	0
-5.708172543039559	42.97947727590879	0
-5.677543694605843	43.08039829492353	0
-5.646844699588125	43.18130589051305	0
-5.6160758259777595	43.28220005202358	0
-5.585237340148115	43.38308076931798	0
-5.554329506866828	43.483948032767714	0
-5.523352589307956	43.584801833244995	0
-5.492306849064033	43.685642162114966	0
-5.461192546158015	43.78646901122805	0
-5.430009939055128	43.887282372912416	0
-5.398759284674618	43.98808223996652	0
-5.367440838401403	44.08886860565181	0
-5.3360548540976165	44.18964146368546	0
-5.304601584114067	44.2904008082333	0
-5.273081279301593	44.391146633902785	0
-5.241494189022321	44.49187893573612	0
-5.209840561160831	44.59259770920341	0
-5.178120642135232	44.69330295019601	0
-5.146334676908132	44.79399465501991	0
-5.114482908997525	44.89467282038919	0
-5.082565580487587	44.99533744341966	0
-5.0505829320393705	45.095988521622516	0
-5.01853520290142	45.19662605289815	0
-4.9864226309202895	45.297250035529956	0
-4.9542454525509765	45.397860468178365	0
-4.922003902867265	45.49845734987484	0
-4.889698215571978	45.59904068001603	0
-4.857328623007155	45.69961045835799	0
-4.824895356164127	45.80016668501047	0
-4.792398644693519	45.90070936043133	0
-4.759838716915165	46.00123848542099	0
-4.727215799827932	46.101754061117	0
-4.6945301191194755	46.20225608898864	0
-4.661781899175897	46.30274457083167	0
-4.62897136309133	46.40321950876308	0
-4.596098732677444	46.50368090521597	0
-4.563164228472861	46.604128762934494	0
-4.530168069752505	46.704563084968854	0
-4.497110474536862	46.80498387467039	0
-4.463991659601166	46.90539113568675	0
-4.430811840484506	47.00578487195708	0
-4.397571231498862	47.10616508770736	0
-4.3642700457380545	47.20653178744574	0
-4.330908495086631	47.30688497595798	0
-4.297486790228667	47.40722465830294	0
-4.264005140656497	47.50755083980816	0
-4.230463754679378	47.60786352606547	0
-4.196862839432069	47.70816272292668	0
-4.163202600883346	47.80844843649933	0
-4.129483243844445	47.90872067314253	0
-4.0957049719774306	48.0089794394628	0
-4.061867987803499	48.10922474231001	0
-4.027972492711208	48.2094565887734	0
-3.9940186869646386	48.30967498617759	0
-3.960006769711489	48.40987994207873	0
-3.9259369389911023	48.510071464260626	0
-3.891809391742423	48.61024956073098	0
-3.85762432381189	48.71041423971765	0
-3.8233819299612657	48.810565509665	0
-3.7890824038753927	48.91070337923025	0
-3.754725938169894	49.010827857279935	0
-3.7203127243988026	49.11093895288638	0
-3.6858429530621315	49.211036675324216	0
-3.651316813613379	49.31112103406699	0
-3.6167344944669706	49.41119203878378	0
-3.5820961830056417	49.51124969933589	0
-3.547402065587757	49.611294025773574	0
-3.512652327554568	49.711325028332794	0
-3.477847153237414	49.811342717432076	0
-3.442986725964859	49.91134710366936	0
-3.4080712280697734	50.011338197818894	0
-3.373100840896353	50.11131601082823	0
-3.338075744807084	50.21128055381521	0
-3.3029961191896473	50.31123183806498	0
-3.267862142463767	50.411169875027106	0
-3.2326739920880025	50.51109467631272	0
-3.197431844566484	50.61100625369165	0
-3.1621358754555926	50.710904619089625	0
-3.1267862593705846	50.81078978458557	0
-3.091383169992164	50.91066176240887	0
-3.055926780072997	51.01052056493667	0
-3.0204172614441753	51.11036620469129	0
-2.9848547850216276	51.210198694337585	0
-2.9492395208124744	51.31001804668042	0
-2.913571637921334	51.40982427466213	0
-2.8778513045565757	51.50961739136002	0
-2.8420786880365223	51.60939740998394	0
-2.806253954795601	51.70916434387386	0
-2.770377270390445	51.80891820649747	0
-2.734448799505944	51.90865901144785	0
-2.6984687059612464	52.00838677244116	0
-2.6624371527157122	52.10810150331435	0
-2.626354301874817	52.20780321802289	0
-2.5902203146960097	52.30749193063859	0
-2.554035351594519	52.4071676553474	0
-2.517799572149117	52.50683040644725	0
-2.481513135107832	52.60648019834592	0
-2.4451761983936184	52.706117045558976	0
-2.4087889191099774	52.805740962707674	0
-2.372351453546536	52.90535196451694	0
-2.3358639571845767	53.00495006581337	0
-2.2993265847025257	53.10453528152325	0
-2.262739489981395	53.20410762667059	0
-2.226102826110181	53.303667116375244	0
-2.189416745391221	53.40321376585098	0
-2.152681399345504	53.502747590403615	0
-2.1158969387179396	53.6022686054292	0
-2.079063513482587	53.70177682641219	0
-2.042181272847838	53.801272268923654	0
-2.0052503652615616	53.90075494861952	0
-1.9682709384162063	54.00022488123884	0
-1.9312431392538603	54.09968208260208	0
-1.894167113971273	54.19912656860941	0
-1.8570430080248361	54.29855835523906	0
-1.8198709661355237	54.39797745854568	0
-1.7826511322937943	54.497383894658725	0
-1.745383649764453	54.59677767978084	0
-1.708068661091475	54.69615883018633	0
-1.6707063081027917	54.795527362219545	0
-1.6332967319150373	54.894883292293436	0
-1.5958400729382585	54.99422663688799	0
-1.5583364708805867	55.09355741254876	0
-1.5207860647528737	55.19287563588542	0
-1.48318899287329	55.29218132357031	0
-1.4455453928718869	55.39147449233701	0
-1.4078554016951224	55.490755158978956	0
-1.370119155610352	55.59002334034804	0
-1.332336790210284	55.689279053353275	0
-1.2945084404173988	55.78852231495942	0
-1.2566342404883342	55.887753142185694	0
-1.2187143240182363	55.98697155210445	0
-1.180748823945076	56.08617756183989	0
-1.142737872553932	56.185371188566805	0
-1.104681601481239	56.284552449509334	0
-1.0665801417190046	56.38372136193973	0
-1.0284336236189915	56.48287794317712	0
-0.9902421768968679	56.582022210586366	0
-0.9520059306363255	56.68115418157684	0
-0.9137250132931654	56.78027387360126	0
-0.8753995526993514	56.87938130415459	0
-0.8370296760670332	56.97847649077287	0
-0.7986155099925366	57.07755945103212	0
-0.7601571804603247	57.17663020254726	0
-0.7216548128469265	57.27568876297098	0
-0.6831085319248364	57.37473514999273	0
-0.6445184618663831	57.47376938133765	0
-0.6058847262475678	57.572791474765516	0
-0.5672074480518747	57.67180144806976	0
-0.52848674967405	57.770799319076424	0
-0.48972275292385287	57.86978510564321	0
-0.45091557902977775	57.96875882565847	0
-0.41206534864274724	58.067720497040256	0
-0.3731721818397774	58.16667013773539	0
-0.3342361981276143	58.26560776571849	0
-0.2952575164463431	58.36453339899109	0
-0.2562362551729696	58.463447055580716	0
-0.2171725321249739	58.56234875353998	0
-0.1780664645638373	58.661238510945715	0
-0.13891816919854233	58.760116345898105	0
-0.09972776218904585	58.85898227651982	0
-0.06049535914972587	58.957836320955174	0
-0.021221075152802138	59.056678497369305	0
0.01809497526826928	59.15550882394734	0
0.05745267811542716	59.254327318893615	0
0.09685191992266184	59.35313400043083	0
0.13629258775269726	59.451928886799315	0
0.175774569193698	59.55071199625624	0
0.21529775235600138	59.649483347074835	0
0.254862025868874	59.748242957543674	0
0.294467278877293	59.846990845965905	0
0.33411340103875126	59.945727030658546	0
0.3738002825200868	60.04445152995175	0
0.41352781399433597	60.14316436218811	0
0.45329588663761033	60.24186554572195	0
0.4931043921259969	60.34055509891866	0
0.5329532226324813	60.43923304015397	0
0.5728422708238948	60.53789938781337	0
0.6127714298578828	60.63655416029136	0
0.6527405933798973	60.735197375990865	0
0.6927496555202111	60.833829053322575	0
0.732798510890954	60.93244921070432	0
0.772887054583172	61.03105786656046	0
0.8130151821639069	61.12965503932126	0
0.8531827896732993	61.228240747422284	0
0.8933897736217117	61.32681500930385	0
0.9336360309868732	61.42537784341039	0
0.9739214592110459	61.52392926818991	0
1.0142459561982116	61.62246930209342	0
1.0546094203112797	61.72099796357436	0
1.0950117503693153	61.819515271088086	0
1.1354528456447879	61.91802124309129	0
1.1759326058608406	62.01651589804149	0
1.2164509311885783	62.11499925439651	0
1.2570077222443778	62.21347133061395	0
1.2976028800872155	62.31193214515069	0
1.3382363062160154	62.410381716462396	0
1.3789079025670177	62.508820063002986	0
1.4196175715111645	62.60724720322419	0
1.4603652158515064	62.70566315557506	0
1.5011507388206269	62.80406793850148	0
1.5419740440780858	62.90246157044574	0
1.5828350357078815	63.000844069846025	0
1.6237336182159319	63.09921545513602	0
1.6646696965275722	63.197575744744434	0
1.7056431759850728	63.295924957094584	0
1.7466539623451738	63.394263110603944	0
1.7877019617766379	63.492590223683735	0
1.8287870808578204	63.59090631473852	0
1.8699092265742578	63.68921140216577	0
1.9110683063162726	63.78750550435548	0
1.9522642278765956	63.885788639689764	0
1.9934968994480065	63.984060826542475	0
2.0347662296209896	64.0823220832788	0
2.0760721273814076	64.18057242825488	0
2.117414502108191	64.27881187981748	0
2.158793263571047	64.37704045630358	0
2.2002083219281783	64.47525817604001	0
2.2416595877240266	64.57346505734314	0
2.283146971887026	64.67166111851849	0
2.3246703857273734	64.76984637786038	0
2.3662297409348176	64.86802085365161	0
2.4078249495764616	64.96618456416317	0
2.449455924094581	65.06433752765382	0
2.4911225773044574	65.16247976236983	0
2.532824822392229	65.26061128654464	0
2.5745625729127544	65.35873211839858	0
2.616335742787492	65.4568422761385	0
2.658144246302395	65.55494177795754	0
2.6999879981058212	65.65303064203478	0
2.7418669132064566	65.75110888653498	0
2.7837809069712542	65.84917652960826	0
2.825729895123388	65.94723358938984	0
2.867713793740219	66.04528008399977	0
2.9097325192512793	66.14331603154264	0
2.951785988436266	66.2413414501073	0
2.993874118423052	66.33935635776662	0
3.0359968266857114	66.43736077257721	0
3.0781540310425544	66.53535471257918	0
3.1203456496541806	66.63333819579589	0
3.1625716010215434	66.73131124023368	0
3.2048318039840287	66.82927386388165	0
3.247126177717546	66.9272260847114	0
3.2894546417326342	67.02516792067684	0
3.3318171158725787	67.12309938971387	0
3.3742135203115433	67.22102050974026	0
3.416643775552714	67.31893129865534	0
3.4591078024264563	67.41683177433985	0
3.5016055220884836	67.51472195465567	0
3.5441368560180413	67.61260185744563	0
3.586701726016099	67.7104715005333	0
3.62930005420356	67.80833090172281	0
3.6719317630194794	67.9061800787986	0
3.714596775219296	68.00401904952525	0
3.757295013873076	68.1018478316473	0
3.800026402363769	68.19966644288905	0
3.8427908643854747	68.29747490095436	0
3.8855883239417244	68.39527322352644	0
3.9284187053437702	68.49306142826778	0
3.9712819332088887	68.59083953281984	0
4.014177932458695	68.68860755480297	0
4.057106628317471	68.78636551181619	0
4.100067946310498	68.88411342143701	0
4.143061812262409	68.98185130122134	0
4.186088152295547	69.07957916870326	0
4.229146892828335	69.17729704139491	0
4.27223796057366	69.27500493678626	0
4.315361282537265	69.37270287234504	0
4.35851678601615	69.47039086551658	0
4.401704398596989	69.5680689337236	0
4.4449240481545536	69.66573709436611	0
4.488175662850151	69.7633953648213	0
4.531459171130066	69.86104376244337	0
4.574774501724019	69.95868230456337	0
4.618121583643636	70.0563110084891	0
4.661500346180921	70.15392989150499	0
4.704910718906745	70.25153897087192	0
4.748352631669343	70.34913826382717	0
4.791826014592824	70.44672778758425	0
4.835330798075684	70.54430755933278	0
4.878866912789333	70.64187759623837	0
4.922434289676638	70.73943791544255	0
4.966032859950462	70.83698853406261	0
5.009662555092225	70.9345294691915	0
5.053323306850468	71.03206073789772	0
5.097015047239429	71.12958235722526	0
5.140737708537626	71.22709434419342	0
5.184491223286452	71.32459671579676	0
5.2282755242887795	71.422089489005	0
5.272090544607572	71.5195726807629	0
5.315936217564503	71.61704630799021	0
5.3598124767385915	71.7145103875815	0
5.403719255964837	71.81196493640616	0
5.44765648933287	71.90940997130825	0
5.49162411118561	72.00684550910644	0
5.53562205611793	72.10427156659392	0
5.579650258975333	72.20168816053832	0
5.623708654852633	72.29909530768163	0
5.66779717909265	72.3964930247401	0
5.711915767284909	72.49388132840421	0
5.756064355264346	72.59126023533858	0
5.800242879110033	72.68862976218185	0
5.844451275143895	72.78598992554667	0
5.8886894799294485	72.88334074201961	0
5.932957430270545	72.9806822281611	0
5.977255063210117	73.07801440050534	0
6.021582316028939	73.17533727556027	0
6.065939126244392	73.27265086980746	0
6.110325431609241	73.36995519970213	0
6.154741170110414	73.46725028167302	0
6.199186279967792	73.56453613212234	0
6.243660699633009	73.66181276742576	0
6.288164367788254	73.75908020393231	0
6.332697223345089	73.85633845796437	0
6.377259205443263	73.95358754581757	0
6.421850253449547	74.05082748376077	0
6.466470306956564	74.14805828803603	0
6.511119305781636	74.24527997485852	0
6.555797189965633	74.34249256041653	0
6.600503899771828	74.43969606087137	0
6.645239375684769	74.53689049235737	0
6.690003558409143	74.63407587098182	0
6.73479638886866	74.73125221282493	0
6.77961780820494	74.82841953393982	0
6.824467757776404	74.92557785035245	0
6.869346179157175	75.0227271780616	0
6.914253014135985	75.11986753303883	0
6.959188204715094	75.21699893122846	0
7.004151693109202	75.31412138854753	0
7.049143421744387	75.41123492088579	0
7.09416333325703	75.50833954410564	0
7.139211370492765	75.60543527404211	0
7.18428747650542	75.70252212650286	0
7.229391594555977	75.79960011726811	0
7.274523668111527	75.8966692620907	0
7.319683640844246	75.99372957669594	0
7.364871456630358	76.09078107678172	0
7.410087059549127	76.1878237780184	0
7.455330393881835	76.28485769604883	0
7.500601404110777	76.38188284648832	0
7.545900034918265	76.47889924492465	0
7.591226231185627	76.57590690691798	0
7.636579937992222	76.67290584800094	0
7.6819611006144575	76.76989608367855	0
7.727369664524813	76.86687762942819	0
7.77280557539087	76.96385050069966	0
7.818268779074347	77.06081471291512	0
7.863759221630143	77.15777028146906	0
7.909276849305382	77.25471722172834	0
7.954821608538471	77.35165554903217	0
8.000393445958156	77.44858527869211	0
8.045992308382589	77.54550642599199	0
8.091618142818394	77.64241900618802	0
8.137270896459752	77.73932303450873	0
8.182950516687477	77.83621852615492	0
8.228656951068105	77.93310549629977	0
8.274390147352987	78.02998396008873	0
8.32015005347739	78.12685393263956	0
8.365936617559598	78.22371542904236	0
8.411749787900023	78.32056846435952	0
8.457589512980324	78.41741305362578	0
8.503455741462522	78.51424921184815	0
8.549348422188128	78.61107695400601	0
8.595267504177276	78.70789629505103	0
8.641212936627854	78.80470724990724	0
8.687184668914654	78.901509833471	0
8.73318265058851	78.99830406061099	0
8.779206831375458	79.09508994616826	0
8.825257161175886	79.19186750495622	0
8.8713335900637	79.28863675176065	0
8.91743606828549	79.3853977013397	0
8.963564546259702	79.4821503684239	0
9.00971897457582	79.57889476771619	0
9.055899303993538	79.67563091389191	0
9.102105485441955	79.77235882159881	0
9.148337470018763	79.86907850545711	0
9.194595208989448	79.96578998005943	0
9.240878653786485	80.06249325997088	0
9.28718775600855	80.15918835972903	0
9.333522467419725	80.25587529384394	0
9.37988273994872	80.35255407679819	0
9.426268525688087	80.44922472304685	0
9.47267977689345	80.54588724701757	0
9.519116445982732	80.64254166311053	0
9.565578485535388	80.73918798569849	0
9.612065848291646	80.83582622912678	0
9.658578487151747	80.93245640771337	0
9.705116355175194	81.02907853574887	0
9.751679405580006	81.12569262749649	0
9.798267591741972	81.22229869719216	0
9.844880867193908	81.31889675904448	0
9.89151918562493	81.41548682723477	0
9.938182500879714	81.5120689159171	0
9.984870766957782	81.60864303921826	0
10.031583938012766	81.70520921123787	0
10.078321968351698	81.80176744604832	0
10.125084812434295	81.89831775769484	0
10.17187242487225	81.99486016019551	0
10.218684760428523	82.09139466754132	0
10.265521774016646	82.18792129369612	0
10.312383420700016	82.28444005259671	0
10.359269655691213	82.38095095815285	0
10.4061804343513	82.47745402424728	0
10.45311571218915	82.57394926473575	0
10.500075444860752	82.67043669344704	0
10.547059588168539	82.76691632418303	0
10.594068098060717	82.86338817071864	0
10.641100930630593	82.95985224680194	0
10.68815804211591	83.05630856615417	0
10.735239388898185	83.15275714246972	0
10.782344927502047	83.2491979894162	0
10.82947461459459	83.34563112063448	0
10.876628406984718	83.44205654973867	0
10.923806261622499	83.5384742903162	0
10.97100813559852	83.63488435592785	0
11.018233986143255	83.73128676010774	0
11.065483770626415	83.82768151636337	0
11.11275744655633	83.92406863817573	0
11.160054971579314	84.02044813899921	0
11.20737630347904	84.11682003226174	0
11.25472140017592	84.21318433136474	0
11.30209021972649	84.30954104968322	0
11.349482720322783	84.40589020056576	0
11.396898860291735	84.5022317973346	0
11.44433859809457	84.59856585328562	0
11.49180189232619	84.69489238168839	0
11.539288701714586	84.79121139578625	0
11.58679898512023	84.88752290879627	0
11.634332701535492	84.98382693390934	0
11.681889810084037	85.08012348429018	0
11.72947027002025	85.17641257307741	0
11.777074040728643	85.27269421338353	0
11.824701081723278	85.368968418295	0
11.872351352647192	85.46523520087226	0
11.920024813271816	85.56149457414979	0
11.967721423496414	85.6577465511361	0
12.015441143347505	85.75399114481382	0
12.063183932978308	85.8502283681397	0
12.110949752668171	85.94645823404466	0
12.15873856282202	86.04268075543384	0
12.206550323969802	86.1388959451866	0
12.25438499676593	86.23510381615664	0
12.30224254198874	86.33130438117192	0
12.350122920539937	86.4274976530348	0
12.398026093444058	86.52368364452207	0
12.445952021847933	86.61986236838489	0
12.493900667020142	86.71603383734895	0
12.541871990350486	86.81219806411444	0
12.589865953349456	86.90835506135615	0
12.637882517647702	87.00450484172342	0
12.685921644995508	87.10064741784025	0
12.733983297262272	87.19678280230532	0
12.782067436435986	87.29291100769206	0
12.830174024622718	87.3890320465486	0
12.8783030240461	87.48514593139794	0
12.926454397046813	87.58125267473788	0
12.974628106082088	87.67735228904112	0
13.022824113725191	87.77344478675529	0
13.071042382664922	87.86953018030297	0
13.119282875705123	87.96560848208178	0
13.167545555764168	88.06167970446435	0
13.215830385874481	88.15774385979844	0
13.264137329182038	88.25380096040692	0
13.312466348945875	88.34985101858786	0
13.36081740853761	88.44589404661451	0
13.409190471440953	88.54193005673542	0
13.457585501251225	88.63795906117444	0
13.506002461674884	88.73398107213075	0
13.554441316529042	88.82999610177892	0
13.602902029740997	88.92600416226895	0
13.651384565347763	89.02200526572634	0
13.699888887495597	89.11799942425206	0
13.748414960439534	89.21398664992269	0
13.796962748542928	89.30996695479037	0
13.845532216276988	89.40594035088293	0
13.894123328220319	89.50190685020385	0
13.942736049058468	89.59786646473238	0
13.991370343583467	89.69381920642353	0
14.04002617669339	89.78976508720811	0
14.088703513391895	89.88570411899283	0
14.137402318787785	89.9816363136603	0
14.186122558094558	90.07756168306906	0
14.234864196629971	90.17348023905367	0
14.283627199815596	90.26939199342472	0
14.332411533176389	90.36529695796888	0
14.38121716234025	90.46119514444895	0
14.430044053037593	90.55708656460392	0
14.478892171100917	90.65297123014898	0
14.52776148246438	90.74884915277558	0
14.576651953163367	90.84472034415147	0
14.625563549334073	90.94058481592077	0
14.674496237213082	91.036442579704	0
14.723449983136947	91.13229364709808	0
14.772424753541769	91.22813802967644	0
14.821420514962792	91.32397573898905	0
14.870437234033984	91.41980678656243	0
14.919474877487628	91.51563118389973	0
14.968533412153919	91.61144894248075	0
15.01761280496055	91.707260073762	0
15.066713022932316	91.80306458917676	0
15.11583403319071	91.89886250013508	0
15.164975802953526	91.99465381802388	0
15.214138299534454	92.09043855420695	0
15.263321490342694	92.18621672002502	0
15.312525342882559	92.28198832679578	0
15.361749824753081	92.37775338581396	0
15.410994903647632	92.47351190835136	0
15.460260547353522	92.56926390565687	0
15.50954672375163	92.66500938895655	0
15.558853400816007	92.76074836945367	0
15.608180546613507	92.85648085832872	0
15.657528129303397	92.95220686673953	0
15.706896117136989	93.04792640582123	0
15.756284478457259	93.14363948668634	0
15.805693181698476	93.23934612042481	0
15.855122195385833	93.33504631810408	0
15.904571488135074	93.43074009076908	0
15.954041028652126	93.52642744944231	0
16.00353078573274	93.6221084051239	0
16.053040728262115	93.71778296879161	0
16.10257082521455	93.81345115140091	0
16.152121045653075	93.90911296388502	0
16.2016913587291	94.00476841715495	0
16.25128173368205	94.10041752209953	0
16.300892139839014	94.19606028958549	0
16.3505225466144	94.29169673045746	0
16.40017292350957	94.38732685553806	0
16.449843240112497	94.48295067562795	0
16.499533466097425	94.57856820150579	0
16.54924357122452	94.6741794439284	0
16.59897352533951	94.76978441363072	0
16.64872329837337	94.86538312132589	0
16.69849286034196	94.96097557770533	0
16.748282181345704	95.05656179343869	0
16.79809123156923	95.152141779174	0
16.84791998128106	95.24771554553763	0
16.897768400833257	95.34328310313441	0
16.94763646066111	95.43884446254759	0
16.99752413128278	95.53439963433898	0
17.047431383299006	95.62994862904893	0
17.097358187392743	95.72549145719637	0
17.147304514328855	95.82102812927891	0
17.197270334953796	95.91655865577285	0
17.247255620195272	96.0120830471332	0
17.297260341061936	96.10760131379378	0
17.34728446864306	96.20311346616722	0
17.397327974108222	96.29861951464504	0
17.447390828706986	96.39411946959764	0
17.49747300376859	96.48961334137442	0
17.54757447070164	96.58510114030379	0
17.59769520099379	96.68058287669318	0
17.647835166211436	96.77605856082913	0
17.697994337999408	96.8715282029773	0
17.748172688080665	96.96699181338259	0
17.798370188255994	97.06244940226908	0
17.848586810403695	97.15790097984014	0
17.89882252647929	97.25334655627844	0
17.949077308515214	97.34878614174606	0
17.99935112862053	97.44421974638443	0
18.049643958980614	97.53964738031449	0
18.099955771856877	97.63506905363663	0
18.150286539586457	97.73048477643079	0
18.200636234581932	97.8258945587565	0
18.251004829331023	97.92129841065294	0
18.301392296396315	98.01669634213893	0
18.351798608414956	98.11208836321302	0
18.402223738098378	98.20747448385352	0
18.45266765823201	98.30285471401854	0
18.503130341674986	98.39822906364606	0
18.553611761359875	98.49359754265393	0
18.604111890292387	98.58896016093996	0
18.654630701551103	98.68431692838192	0
18.705168168287184	98.7796678548376	0
18.755724263724108	98.87501295014488	0
18.80629896115738	98.97035222412174	0
18.856892233954273	99.06568568656633	0
18.90750405555353	99.16101334725697	0
18.95813439946512	99.25633521595226	0
19.008783239269942	99.35165130239106	0
19.059450548619576	99.44696161629255	0
19.110136301236007	99.54226616735632	0
19.16084047091135	99.63756496526234	0
19.211563031507588	99.73285801967107	0
19.26230395695632	99.82814534022344	0
19.313063221258485	99.92342693654096	0
19.3638407984841	100.01870281822572	0
19.41463666277201	100.11397299486042	0
19.465450788329616	100.20923747600845	0
19.516283149432617	100.30449627121392	0
19.567133720424767	100.3997493900017	0
19.61800247571761	100.49499684187747	0
19.668889389790223	100.59023863632773	0
19.719794437188966	100.6854747828199	0
19.77071759252723	100.7807052908023	0
19.821658830485188	100.87593016970428	0
19.872618125809538	100.97114942893613	0
19.923595453313265	101.06636307788926	0
19.97459078787539	101.16157112593615	0
20.025604104440717	101.25677358243044	0
20.076635378019596	101.35197045670694	0
20.127684583687675	101.44716175808169	0
20.178751696585664	101.54234749585203	0
20.229836691919083	101.63752767929655	0
20.28093954495803	101.73270231767526	0
20.33206023103694	101.82787142022954	0
20.383198725554344	101.9230349961822	0
20.43435500397263	102.01819305473751	0
20.48552904181782	102.1133456050813	0
20.53672081467932	102.20849265638097	0
20.587930298209695	102.30363421778547	0
20.639157468124434	102.39877029842545	0
20.690402300201722	102.4939009074132	0
20.7416647702822	102.5890260538428	0
20.79294485426874	102.68414574679004	0
20.84424252812623	102.77925999531253	0
20.89555776788133	102.87436880844976	0
20.946890549622246	102.9694721952231	0
20.998240849498522	103.06457016463585	0
21.049608643720795	103.1596627256733	0
21.100993908560586	103.25474988730272	0
21.152396620350075	103.34983165847348	0
21.203816755481874	103.44490804811701	0
21.255254290408818	103.53997906514692	0
21.306709201643734	103.63504471845896	0
21.358181465759234	103.7301050169311	0
21.40967105938749	103.82515996942361	0
21.46117795922003	103.92020958477902	0
21.512702142007505	104.01525387182221	0
21.564243584559488	104.11029283936044	0
21.615802263744264	104.2053264961834	0
21.667378156488603	104.30035485106325	0
21.718971239777563	104.3953779127546	0
21.77058149065428	104.49039568999466	0
21.822208886219748	104.58540819150319	0
21.87385340363262	104.68041542598257	0
21.925515020109	104.77541740211785	0
21.977193712922237	104.87041412857678	0
22.028889459402713	104.96540561400984	0
22.080602236937647	105.06039186705028	0
22.13233202297089	105.1553728963142	0
22.18407879500272	105.25034871040053	0
22.235842530589643	105.34531931789108	0
22.287623207344193	105.44028472735064	0
22.33942080293473	105.53524494732696	0
22.39123529508524	105.63019998635077	0
22.443066661575145	105.7251498529359	0
22.494914880239094	105.82009455557925	0
22.546779928966778	105.91503410276084	0
22.59866178570273	106.00996850294388	0
22.65056042844613	106.10489776457476	0
22.702475835250617	106.19982189608314	0
22.754407984224088	106.29474090588197	0
22.80635685352851	106.38965480236749	0
22.858322421379732	106.48456359391933	0
22.9103046660473	106.57946728890052	0
22.96230356585425	106.6743658956575	0
23.014319099176937	106.76925942252022	0
23.066351244444842	106.86414787780213	0
23.118399980140385	106.9590312698002	0
23.170465284798738	107.05390960679506	0
23.22254713700764	107.1487828970509	0
23.274645515407222	107.24365114881562	0
23.32676039868981	107.33851437032078	0
23.37889176559975	107.43337256978172	0
23.431039594933228	107.52822575539754	0
23.483203865538087	107.62307393535116	0
23.535384556313645	107.71791711780934	0
23.587581646210516	107.81275531092274	0
23.63979511423044	107.90758852282596	0
23.692024939426094	108.00241676163753	0
23.74427110090092	108.09724003546002	0
23.796533577808955	108.19205835238	0
23.848812349354642	108.28687172046816	0
23.901107394792668	108.38168014777925	0
23.953418693427786	108.4764836423522	0
24.005746224614644	108.57128221221014	0
24.058089967757606	108.66607586536036	0
24.11044990231059	108.76086460979447	0
24.162826007776893	108.85564845348834	0
24.215218263709016	108.9504274044022	0
24.267626649708507	109.04520147048062	0
24.320051145425783	109.13997065965258	0
24.37249173055996	109.23473497983149	0
24.424948384858702	109.32949443891525	0
24.477421088118035	109.42424904478627	0
24.529909820182198	109.5189988053115	0
24.582414560943462	109.61374372834247	0
24.634935290341986	109.70848382171535	0
24.687471988365633	109.80321909325093	0
24.74002463504982	109.89794955075472	0
24.792593210477357	109.99267520201693	0
24.84517769477828	110.08739605481253	0
24.89777806812969	110.18211211690131	0
24.9503943107556	110.27682339602786	0
25.003026402926768	110.37152989992168	0
25.055674324960545	110.46623163629712	0
25.108338057220717	110.5609286128535	0
25.161017580117345	110.6556208372751	0
25.213712874106605	110.75030831723119	0
25.26642391969064	110.84499106037609	0
25.31915069741741	110.93966907434921	0
25.371893187880517	111.03434236677506	0
25.42465137171907	111.12901094526329	0
25.477425229617523	111.22367481740874	0
25.53021474230553	111.31833399079143	0
25.583019890557793	111.41298847297666	0
25.635840655193896	111.507638271515	0
25.688677017078174	111.60228339394234	0
25.741528957119552	111.69692384777991	0
25.794396456271404	111.79155964053433	0
25.847279495531392	111.88619077969764	0
25.900178055941332	111.98081727274732	0
25.953092118587037	112.07543912714634	0
26.006021664598176	112.17005635034319	0
26.058966675148124	112.26466894977192	0
26.11192713145382	112.35927693285214	0
26.16490301477563	112.4538803069891	0
26.217894306417175	112.54847907957371	0
26.270900987725227	112.64307325798254	0
26.323923040089536	112.73766284957789	0
26.376960444942696	112.83224786170783	0
26.43001318376001	112.92682830170618	0
26.48308123805934	113.0214041768926	0
26.53616458940098	113.1159754945726	0
26.58926321938749	113.21054226203755	0
26.64237710966359	113.30510448656477	0
26.695506241916	113.39966217541752	0
26.748650597873304	113.49421533584501	0
26.801810159305816	113.58876397508251	0
26.854984908025443	113.68330810035131	0
26.90817482588555	113.77784771885878	0
26.96137989478082	113.87238283779841	0
27.014600096647122	113.96691346434983	0
27.06783541346138	114.06143960567883	0
27.12108582724143	114.15596126893742	0
27.17435132004589	114.25047846126385	0
27.22763187397403	114.34499118978265	0
27.280927471165636	114.43949946160463	0
27.334238093800888	114.53400328382695	0
27.387563724100207	114.62850266353314	0
27.440904344324153	114.72299760779312	0
27.49425993677327	114.81748812366324	0
27.547630483787962	114.9119742181863	0
27.601015967748385	115.00645589839161	0
27.654416371074284	115.100933171295	0
27.70783167622489	115.19540604389884	0
27.76126186569879	115.28987452319211	0
27.814706922033782	115.3843386161504	0
27.868166827806775	115.47879832973592	0
27.92164156563364	115.5732536708976	0
27.9751311181691	115.66770464657105	0
28.028635468106593	115.76215126367863	0
28.082154598178164	115.85659352912948	0
28.13568849115432	115.95103144981952	0
28.189237129843924	116.04546503263153	0
28.242800497094066	116.13989428443513	0
28.29637857578994	116.23431921208685	0
28.349971348854723	116.32873982243011	0
28.40357879924945	116.42315612229532	0
28.457200909972897	116.51756811849988	0
28.51083766406147	116.61197581784818	0
28.56448904458906	116.70637922713163	0
28.61815503466695	116.80077835312879	0
28.671835617443687	116.89517320260525	0
28.72553077610495	116.98956378231377	0
28.779240493873452	117.08395009899425	0
28.832964754008817	117.17833215937381	0
28.886703539807453	117.27270997016679	0
28.940456834602447	117.36708353807475	0
28.994224621763447	117.46145286978657	0
29.04800688469654	117.55581797197841	0
29.10180360684415	117.65017885131381	0
29.155614771684906	117.74453551444364	0
29.209440362733538	117.83888796800619	0
29.263280363540765	117.93323621862716	0
29.317134757693182	118.02758027291972	0
29.371003528813137	118.12192013748454	0
29.42488666055863	118.21625581890977	0
29.478784136623197	118.31058732377114	0
29.5326959407358	118.40491465863192	0
29.58662205666071	118.49923783004301	0
29.640562468197405	118.59355684454292	0
29.69451715918046	118.68787170865781	0
29.748486113479427	118.78218242890155	0
29.802469314998735	118.8764890117757	0
29.85646674767758	118.9707914637696	0
29.910478395489815	119.06508979136034	0
29.96450424244384	119.15938400101278	0
30.018544272582503	119.25367409917966	0
30.07259846998298	119.34796009230155	0
30.12666681875669	119.44224198680689	0
30.180749303049154	119.53651978911206	0
30.234845907039926	119.63079350562136	0
30.288956614942464	119.72506314272705	0
30.343081411004036	119.81932870680943	0
30.39722027950561	119.91359020423677	0
30.451373204761754	120.00784764136542	0
30.505540171120533	120.10210102453978	0
30.5597211629634	120.1963503600924	0
30.613916164705095	120.2905956543439	0
30.668125160793547	120.38483691360314	0
30.722348135709773	120.47907414416709	0
30.776585073967762	120.57330735232097	0
30.830835960114396	120.66753654433823	0
30.88510077872933	120.76176172648061	0
30.939379514424907	120.85598290499813	0
30.99367215184604	120.95020008612912	0
31.047978675670134	121.04441327610027	0
31.102299070606964	121.13862248112666	0
31.156633321398594	121.23282770741174	0
31.210981412819276	121.32702896114742	0
31.26534332967534	121.42122624851405	0
31.31971905680511	121.51541957568044	0
31.3741085790788	121.60960894880395	0
31.42851188139842	121.70379437403045	0
31.482928948697676	121.79797585749438	0
31.537359765941872	121.89215340531877	0
31.591804318127824	121.98632702361523	0
31.646262590283758	122.08049671848406	0
31.700734567469215	122.17466249601418	0
31.755220234774956	122.26882436228324	0
31.809719577322866	122.36298232335757	0
31.864232580265867	122.45713638529227	0
31.91875922878782	122.55128655413121	0
31.97329950810343	122.64543283590702	0
32.02785340345816	122.73957523664117	0
32.08242090012812	122.833713762344	0
32.13700198342001	122.9278484190147	0
32.19159663867099	123.02197921264133	0
32.246204851248606	123.11610614920092	0
32.300826606550714	123.21022923465941	0
32.35546189000536	123.30434847497173	0
32.410110687070706	123.39846387608182	0
32.46477298323494	123.4925754439226	0
32.519448764016175	123.58668318441607	0
32.57413801496239	123.6807871034733	0
32.62884072165129	123.77488720699446	0
32.683556869690264	123.86898350086882	0
32.73828644471629	123.96307599097483	0
32.79302943239581	124.05716468318008	0
32.847785818424704	124.15124958334137	0
32.90255558852813	124.24533069730472	0
32.957338728460506	124.33940803090542	0
33.01213522400537	124.43348158996798	0
33.06694506097533	124.52755138030625	0
33.12176822521195	124.62161740772336	0
33.176604702585706	124.71567967801182	0
33.23145447899584	124.80973819695349	0
33.28631754037034	124.90379297031961	0
33.3411938726658	124.99784400387087	0
33.396083461867356	125.09189130335736	0
33.450986293988635	125.18593487451865	0
33.50590235507161	125.27997472308381	0
33.56083163118657	125.37401085477141	0
33.615774108432014	125.46804327528956	0
33.67072977293455	125.56207199033591	0
33.72569861084885	125.65609700559772	0
33.78068060835755	125.75011832675183	0
33.83567575167116	125.84413595946475	0
33.890684027027994	125.93814990939259	0
33.94570542069409	126.03216018218119	0
34.00073991896312	126.12616678346603	0
34.05578750815632	126.22016971887238	0
34.1108481746224	126.31416899401522	0
34.16592190473746	126.40816461449928	0
34.22100868490493	126.50215658591914	0
34.276108501555484	126.59614491385915	0
34.331221341146936	126.69012960389351	0
34.3863471901642	126.7841106615863	0
34.44148603511919	126.87808809249145	0
34.496637862550735	126.97206190215283	0
34.55180265902452	127.06603209610424	0
34.60698041113299	127.1599986798694	0
34.66217110549528	127.25396165896206	0
34.717374728757164	127.34792103888591	0
34.77259126759093	127.44187682513473	0
34.82782070869534	127.53582902319226	0
34.883063038795534	127.62977763853237	0
34.93831824464296	127.723722676619	0
34.99358631301531	127.81766414290621	0
35.04886723071642	127.91160204283817	0
35.104160984576225	128.00553638184923	0
35.15946756145067	128.0994671653639	0
35.21478694822162	128.1933943987969	0
35.27011913179681	128.28731808755316	0
35.32546409910976	128.3812382370279	0
35.3808218371197	128.47515485260655	0
35.436192332811494	128.56906793966482	0
35.49157557319559	128.66297750356878	0
35.54697154530792	128.75688354967482	0
35.60238023620983	128.85078608332967	0
35.657801632988026	128.94468510987042	0
35.713235722754476	129.03858063462457	0
35.76868249264636	129.13247266291006	0
35.824141929826006	129.22636120003523	0
35.87961402148078	129.32024625129893	0
35.93509875482306	129.41412782199043	0
35.99059611709012	129.50800591738957	0
36.046106095544104	129.60188054276665	0
36.10162867747193	129.69575170338257	0
36.15716385018523	129.78961940448877	0
36.21271160102026	129.8834836513273	0
36.26827191733786	129.9773444491308	0
36.323844786523374	130.07120180312253	0
36.379430195986565	130.1650557185164	0
36.43502813316157	130.25890620051706	0
36.49063858550683	130.35275325431974	0
36.546261540504986	130.44659688511047	0
36.60189698566286	130.540437098066	0
36.657544908511355	130.63427389835383	0
36.71320529660541	130.7281072911322	0
36.768878137523906	130.82193728155022	0
36.824563418869616	130.91576387474777	0
36.88026112826915	131.00958707585553	0
36.935971253372855	131.10340688999514	0
36.99169378185479	131.197223322279	0
37.04742870141262	131.2910363778105	0
37.10317599976757	131.38484606168393	0
37.15893566466438	131.4786523789845	0
37.214707683871175	131.57245533478834	0
37.27049204517949	131.66625493416268	0
37.32628873640412	131.76005118216563	0
37.38209774538313	131.85384408384635	0
37.437919059977716	131.94763364424512	0
37.493752668072204	132.04141986839315	0
37.54959855757395	132.13520276131283	0
37.60545671641329	132.2289823280176	0
37.66132713254348	132.322758573512	0
37.71720979394061	132.4165315027918	0
37.773104688603574	132.51030112084382	0
37.829011804553986	132.60406743264613	0
37.88493112983612	132.697830443168	0
37.94086265251685	132.79159015736982	0
37.99680636068559	132.88534658020336	0
38.05276224245423	132.97909971661153	0
38.108730285957066	133.07284957152856	0
38.16471047935076	133.16659614987998	0
38.22070281081426	133.26033945658264	0
38.27670726854875	133.3540794965447	0
38.33272384077757	133.44781627466566	0
38.38875251574618	133.54154979583643	0
38.44479328172208	133.6352800649393	0
38.50084612699477	133.729007086848	0
38.556911039875686	133.82273086642755	0
38.6129880086981	133.91645140853458	0
38.66907702181714	134.01016871801716	0
38.72517806760963	134.10388279971474	0
38.78129113447414	134.19759365845837	0
38.83741621083083	134.29130129907062	0
38.89355328512146	134.38500572636553	0
38.94970234580931	134.4787069451488	0
39.00586338137907	134.5724049602176	0
39.06203638033689	134.66609977636077	0
39.11822133121022	134.75979139835874	0
39.174418222547814	134.85347983098362	0
39.23062704291964	134.9471650789991	0
39.286847780916844	135.04084714716055	0
39.343080425151676	135.1345260402151	0
39.399324964257445	135.2282017629015	0
39.455581386888454	135.3218743199503	0
39.51184968171996	135.41554371608373	0
39.56812983744808	135.5092099560158	0
39.6244218427898	135.60287304445234	0
39.68072568648284	135.69653298609092	0
39.737041357285655	135.79018978562095	0
39.79336884397737	135.8838434477237	0
39.8497081353577	135.97749397707227	0
39.90605922024693	136.0711413783316	0
39.962422087485834	136.16478565615853	0
40.01879672593562	136.25842681520186	0
40.0751831244779	136.35206486010225	0
40.13158127201461	136.4456997954923	0
40.18799115746796	136.5393316259966	0
40.2444127697804	136.6329603562317	0
40.300846097914544	136.72658599080617	0
40.35729113085312	136.82020853432056	0
40.41374785759893	136.91382799136744	0
40.47021626717478	137.00744436653144	0
40.52669634862343	137.1010576643893	0
40.583188091007564	137.1946678895097	0
40.639691483409706	137.28827504645358	0
40.69620651493218	137.3818791397739	0
40.752733174697056	137.4754801740158	0
40.809271451846115	137.56907815371648	0
40.865821335540765	137.66267308340542	0
40.92238281496201	137.75626496760424	0
40.97895587931041	137.84985381082672	0
41.03554051780599	137.9434396175789	0
41.092136719688234	138.03702239235903	0
41.148744474215995	138.13060213965764	0
41.205363770667475	138.22417886395752	0
41.26199459834016	138.3177525697337	0
41.31863694655077	138.41132326145356	0
41.3752908046352	138.50489094357678	0
41.4319561619485	138.5984556205554	0
41.48863300786478	138.69201729683374	0
41.545321331777195	138.78557597684858	0
41.6020211230979	138.879131665029	0
41.658732371257955	138.97268436579654	0
41.715455065707324	139.06623408356512	0
41.77218919591481	139.15978082274114	0
41.828934751368	139.2533245877234	0
41.88569172157322	139.34686538290316	0
41.94246009605547	139.44040321266422	0
41.999239864358415	139.53393808138281	0
42.0560310160443	139.62746999342772	0
42.11283354069393	139.7209989531603	0
42.169647427906575	139.81452496493435	0
42.226472667299994	139.90804803309632	0
42.28330924851032	140.0015681619852	0
42.340157161192046	140.09508535593258	0
42.39701639501797	140.18859961926265	0
42.45388693967916	140.28211095629226	0
42.51076878488488	140.37561937133088	0
42.567661920362575	140.46912486868064	0
42.62456633585779	140.56262745263635	0
42.68148202113416	140.65612712748552	0
42.73840896597333	140.74962389750831	0
42.795347160174934	140.84311776697768	0
42.85229659355654	140.9366087401593	0
42.90925725595359	141.03009682131156	0
42.96622913721938	141.12358201468564	0
43.023212227224995	141.2170643245255	0
43.080206515859274	141.31054375506793	0
43.13721199302875	141.40402031054248	0
43.19422864865763	141.49749399517157	0
43.25125647268772	141.59096481317047	0
43.30829545507841	141.68443276874729	0
43.3653455858066	141.777897866103	0
43.422406854866686	141.8713601094315	0
43.47947925227049	141.96481950291957	0
43.53656276804721	142.0582760507469	0
43.59365739224342	142.1517297570862	0
43.650763114922974	142.24518062610304	0
43.707879926166996	142.33862866195597	0
43.76500781607382	142.43207386879652	0
43.82214677475895	142.52551625076927	0
43.87929679235502	142.61895581201176	0
43.93645785901176	142.7123925566546	0
43.99362996489592	142.8058264888214	0
44.05081310019127	142.89925761262882	0
44.108007255098514	142.99268593218662	0
44.16521241983528	143.08611145159765	0
44.22242858463606	143.17953417495784	0
44.279655739752194	143.27295410635625	0
44.33689387545178	143.36637124987507	0
44.39414298201967	143.45978560958963	0
44.45140304975743	143.5531971895684	0
44.50867406898326	143.64660599387307	0
44.56595603003199	143.74001202655847	0
44.623248923255034	143.83341529167265	0
44.68055273902033	143.92681579325688	0
44.7378674677123	144.02021353534568	0
44.79519309973184	144.11360852196677	0
44.85252962549624	144.20700075714117	0
44.90987703543916	144.30039024488318	0
44.967235320010595	144.39377698920032	0
45.024604469676824	144.4871609940935	0
45.081984474920375	144.5805422635569	0
45.139375326239985	144.67392080157805	0
45.19677701415055	144.76729661213778	0
45.254189529183094	144.86066969921038	0
45.31161286188473	144.95404006676338	0
45.369047002818625	145.0474077187578	0
45.426491942563935	145.140772659148	0
45.483947671715796	145.23413489188184	0
45.54141418088527	145.3274944209005	0
45.5988914606993	145.4208512501387	0
45.65637950180068	145.5142053835245	0
45.713878294848016	145.60755682497958	0
45.77138783051569	145.70090557841897	0
45.82890809949381	145.79425164775128	0
45.88643909248817	145.8875950368786	0
45.94398080022022	145.98093574969653	0
46.00153321342703	146.07427379009425	0
46.05909632286125	146.16760916195446	0
46.116670119291065	146.26094186915344	0
46.17425459350016	146.35427191556107	0
46.231849736287685	146.44759930504077	0
46.28945553846821	146.5409240414496	0
46.3470719908717	146.63424612863827	0
46.40469908434345	146.72756557045105	0
46.46233680974409	146.8208823707259	0
46.51998515794951	146.9141965332945	0
46.57764411985085	147.00750806198207	0
46.635313686354436	147.1008169606076	0
46.69299384838176	147.19412323298377	0
46.75068459686944	147.28742688291698	0
46.80838592276918	147.38072791420734	0
46.86609781704775	147.4740263306487	0
46.92382027068692	147.56732213602868	0
46.981553274683435	147.66061533412864	0
47.039296820049	147.75390592872373	0
47.09705089781023	147.84719392358286	0
47.15481549900857	147.94047932246883	0
47.212590614700346	148.03376212913818	0
47.270376235956654	148.1270423473413	0
47.328172353863366	148.2203199808224	0
47.385978959521076	148.31359503331961	0
