-500.0	0.0	0
-499.2	0.39999999999999997	0
-498.3999999999999	0.7999999999999999	0
-497.59999999999985	1.2	0
-496.7999999999997	1.5999999999999999	0
-495.9999999999996	1.9999999999999996	0
-495.1999999999995	2.3999999999999995	0
-494.3999999999993	2.799999999999999	0
-493.5999999999991	3.1999999999999984	0
-492.7999999999989	3.599999999999998	0
-491.99999999999864	3.999999999999997	0
-491.19999999999834	4.399999999999996	0
-490.39999999999804	4.7999999999999945	0
-489.5999999999977	5.199999999999993	0
-488.79999999999734	5.599999999999991	0
-487.99999999999693	5.9999999999999885	0
-487.1999999999965	6.399999999999986	0
-486.39999999999606	6.799999999999983	0
-485.5999999999956	7.19999999999998	0
-484.79999999999507	7.599999999999976	0
-483.9999999999945	7.999999999999972	0
-483.1999999999939	8.399999999999967	0
-482.39999999999327	8.799999999999962	0
-481.59999999999263	9.199999999999957	0
-480.79999999999194	9.59999999999995	0
-479.99999999999125	9.999999999999943	0
-479.1999999999905	10.399999999999935	0
-478.39999999998975	10.799999999999926	0
-477.59999999998894	11.199999999999918	0
-476.79999999998813	11.599999999999907	0
-475.99999999998727	11.999999999999897	0
-475.1999999999864	12.399999999999885	0
-474.3999999999855	12.799999999999873	0
-473.59999999998456	13.19999999999986	0
-472.7999999999836	13.599999999999847	0
-471.9999999999826	13.999999999999833	0
-471.19999999998157	14.399999999999817	0
-470.3999999999805	14.799999999999802	0
-469.5999999999794	15.199999999999784	0
-468.79999999997824	15.599999999999765	0
-467.9999999999771	15.999999999999746	0
-467.1999999999759	16.399999999999725	0
-466.3999999999747	16.799999999999702	0
-465.5999999999734	17.19999999999968	0
-464.79999999997216	17.599999999999657	0
-463.99999999997084	17.99999999999963	0
-463.19999999996946	18.399999999999604	0
-462.3999999999681	18.799999999999578	0
-461.59999999996666	19.199999999999548	0
-460.7999999999652	19.59999999999952	0
-459.99999999996373	19.999999999999485	0
-459.19999999996224	20.39999999999945	0
-458.3999999999607	20.799999999999418	0
-457.59999999995915	21.19999999999938	0
-456.79999999995755	21.599999999999344	0
-455.9999999999559	21.999999999999304	0
-455.19999999995423	22.399999999999263	0
-454.3999999999525	22.799999999999223	0
-453.5999999999508	23.19999999999918	0
-452.799999999949	23.599999999999135	0
-451.9999999999472	23.999999999999087	0
-451.19999999994536	24.39999999999904	0
-450.3999999999435	24.799999999998988	0
-449.5999999999416	25.199999999998937	0
-448.79999999993964	25.599999999998882	0
-447.99999999993764	25.999999999998824	0
-447.19999999993564	26.399999999998766	0
-446.3999999999336	26.799999999998704	0
-445.5999999999315	27.199999999998642	0
-444.7999999999294	27.599999999998577	0
-443.99999999992724	27.99999999999851	0
-443.19999999992507	28.399999999998442	0
-442.39999999992284	28.79999999999837	0
-441.5999999999206	29.199999999998298	0
-440.7999999999183	29.59999999999822	0
-439.999999999916	29.999999999998142	0
-439.19999999991364	30.399999999998062	0
-438.39999999991124	30.79999999999798	0
-437.59999999990885	31.199999999997893	0
-436.7999999999064	31.599999999997806	0
-435.9999999999039	31.999999999997716	0
-435.19999999990137	32.399999999997625	0
-434.3999999998988	32.79999999999753	0
-433.59999999989617	33.19999999999743	0
-432.79999999989354	33.59999999999733	0
-431.99999999989086	33.99999999999723	0
-431.1999999998881	34.39999999999712	0
-430.3999999998854	34.79999999999701	0
-429.5999999998826	35.1999999999969	0
-428.7999999998798	35.59999999999678	0
-427.99999999987693	35.99999999999666	0
-427.199999999874	36.39999999999654	0
-426.3999999998711	36.799999999996416	0
-425.59999999986815	37.19999999999629	0
-424.7999999998651	37.59999999999616	0
-423.9999999998621	37.99999999999602	0
-423.199999999859	38.399999999995885	0
-422.3999999998559	38.79999999999574	0
-421.59999999985274	39.1999999999956	0
-420.79999999984955	39.59999999999545	0
-419.9999999998463	39.999999999995296	0
-419.19999999984304	40.39999999999514	0
-418.39999999983974	40.79999999999498	0
-417.59999999983637	41.199999999994816	0
-416.799999999833	41.59999999999465	0
-415.9999999998296	41.99999999999448	0
-415.1999999998261	42.39999999999431	0
-414.39999999982257	42.79999999999413	0
-413.59999999981903	43.19999999999394	0
-412.79999999981544	43.599999999993756	0
-411.9999999998118	43.99999999999356	0
-411.19999999980814	44.39999999999337	0
-410.39999999980444	44.79999999999317	0
-409.5999999998007	45.19999999999296	0
-408.7999999997969	45.599999999992754	0
-407.9999999997931	45.99999999999254	0
-407.1999999997892	46.39999999999232	0
-406.3999999997853	46.799999999992096	0
-405.59999999978135	47.19999999999187	0
-404.79999999977736	47.59999999999164	0
-403.9999999997733	47.9999999999914	0
-403.19999999976926	48.39999999999116	0
-402.39999999976516	48.79999999999091	0
-401.599999999761	49.19999999999066	0
-400.7999999997568	49.5999999999904	0
-399.99999999975256	49.99999999999014	0
-399.1999999997483	50.39999999998987	0
-398.39999999974395	50.7999999999896	0
-397.59999999973957	51.19999999998932	0
-396.7999999997352	51.59999999998904	0
-395.99999999973073	51.99999999998875	0
-395.19999999972623	52.39999999998846	0
-394.3999999997217	52.79999999998816	0
-393.5999999997171	53.19999999998785	0
-392.7999999997125	53.59999999998754	0
-391.9999999997078	53.999999999987224	0
-391.1999999997031	54.3999999999869	0
-390.39999999969837	54.799999999986575	0
-389.5999999996936	55.19999999998624	0
-388.79999999968874	55.5999999999859	0
-387.99999999968384	55.99999999998555	0
-387.1999999996789	56.39999999998519	0
-386.3999999996739	56.79999999998483	0
-385.5999999996689	57.199999999984456	0
-384.79999999966384	57.599999999984085	0
-383.9999999996587	57.99999999998371	0
-383.1999999996536	58.39999999998332	0
-382.3999999996484	58.79999999998293	0
-381.59999999964316	59.19999999998253	0
-380.79999999963786	59.599999999982124	0
-379.9999999996325	59.99999999998171	0
-379.19999999962715	60.39999999998129	0
-378.39999999962174	60.79999999998086	0
-377.5999999996163	61.19999999998043	0
-376.79999999961075	61.599999999979985	0
-375.99999999960517	61.99999999997953	0
-375.1999999995995	62.399999999979066	0
-374.3999999995939	62.799999999978596	0
-373.5999999995882	63.19999999997812	0
-372.79999999958244	63.59999999997763	0
-371.99999999957663	63.99999999997714	0
-371.19999999957076	64.39999999997664	0
-370.39999999956484	64.79999999997614	0
-369.5999999995589	65.19999999997562	0
-368.79999999955294	65.5999999999751	0
-367.9999999995469	65.99999999997456	0
-367.1999999995408	66.39999999997401	0
-366.39999999953466	66.79999999997347	0
-365.59999999952845	67.1999999999729	0
-364.7999999995222	67.59999999997234	0
-363.9999999995159	67.99999999997176	0
-363.1999999995096	68.39999999997117	0
-362.3999999995032	68.79999999997058	0
-361.5999999994968	69.19999999996998	0
-360.7999999994903	69.59999999996936	0
-359.99999999948375	69.99999999996874	0
-359.19999999947714	70.3999999999681	0
-358.3999999994705	70.79999999996745	0
-357.5999999994638	71.1999999999668	0
-356.7999999994571	71.59999999996614	0
-355.9999999994503	71.99999999996547	0
-355.1999999994435	72.39999999996478	0
-354.3999999994366	72.79999999996409	0
-353.59999999942966	73.19999999996338	0
-352.79999999942265	73.59999999996266	0
-351.9999999994156	73.99999999996193	0
-351.1999999994085	74.3999999999612	0
-350.3999999994013	74.79999999996045	0
-349.59999999939413	75.19999999995969	0
-348.7999999993869	75.59999999995891	0
-347.9999999993796	75.99999999995812	0
-347.19999999937227	76.39999999995733	0
-346.39999999936487	76.79999999995653	0
-345.5999999993574	77.19999999995571	0
-344.7999999993499	77.59999999995487	0
-343.9999999993423	77.99999999995403	0
-343.1999999993347	78.39999999995317	0
-342.399999999327	78.7999999999523	0
-341.59999999931927	79.19999999995143	0
-340.79999999931147	79.59999999995054	0
-339.9999999993036	79.99999999994964	0
-339.1999999992957	80.39999999994872	0
-338.39999999928773	80.79999999994779	0
-337.5999999992797	81.19999999994684	0
-336.7999999992716	81.59999999994588	0
-335.9999999992635	81.9999999999449	0
-335.1999999992553	82.39999999994392	0
-334.39999999924703	82.79999999994291	0
-333.5999999992387	83.1999999999419	0
-332.79999999923035	83.59999999994086	0
-331.9999999992219	83.99999999993982	0
-331.19999999921345	84.39999999993876	0
-330.3999999992049	84.79999999993768	0
-329.5999999991963	85.1999999999366	0
-328.79999999918766	85.59999999993549	0
-327.99999999917895	85.99999999993437	0
-327.1999999991702	86.39999999993324	0
-326.39999999916137	86.7999999999321	0
-325.5999999991525	87.19999999993094	0
-324.79999999914355	87.59999999992976	0
-323.99999999913456	87.99999999992858	0
-323.1999999991255	88.39999999992737	0
-322.3999999991164	88.79999999992616	0
-321.59999999910724	89.19999999992491	0
-320.799999999098	89.59999999992365	0
-319.99999999908874	89.99999999992238	0
-319.1999999990794	90.39999999992109	0
-318.39999999907	90.79999999991979	0
-317.59999999906057	91.19999999991846	0
-316.79999999905107	91.59999999991712	0
-315.9999999990415	91.99999999991576	0
-315.1999999990319	92.39999999991439	0
-314.3999999990222	92.79999999991298	0
-313.5999999990124	93.19999999991157	0
-312.7999999990026	93.59999999991014	0
-311.9999999989927	93.9999999999087	0
-311.1999999989827	94.39999999990722	0
-310.3999999989727	94.79999999990574	0
-309.59999999896263	95.19999999990424	0
-308.7999999989525	95.5999999999027	0
-307.9999999989423	95.99999999990116	0
-307.19999999893207	96.3999999998996	0
-306.39999999892177	96.79999999989802	0
-305.59999999891136	97.19999999989642	0
-304.7999999989009	97.59999999989479	0
-303.99999999889036	97.99999999989315	0
-303.1999999988798	98.39999999989148	0
-302.39999999886913	98.79999999988979	0
-301.59999999885844	99.19999999988808	0
-300.7999999988477	99.59999999988635	0
-299.9999999988368	99.9999999998846	0
-299.1999999988259	100.39999999988282	0
-298.3999999988149	100.79999999988102	0
-297.59999999880387	101.19999999987921	0
-296.79999999879277	101.59999999987737	0
-295.9999999987816	101.99999999987551	0
-295.1999999987704	102.39999999987363	0
-294.3999999987591	102.79999999987172	0
-293.5999999987477	103.19999999986979	0
-292.79999999873627	103.59999999986783	0
-291.9999999987248	103.99999999986585	0
-291.1999999987132	104.39999999986385	0
-290.39999999870156	104.79999999986183	0
-289.59999999868984	105.19999999985977	0
-288.79999999867806	105.5999999998577	0
-287.9999999986662	105.9999999998556	0
-287.19999999865433	106.39999999985348	0
-286.39999999864233	106.79999999985132	0
-285.59999999863027	107.19999999984914	0
-284.79999999861815	107.59999999984694	0
-283.999999998606	107.99999999984472	0
-283.19999999859374	108.39999999984246	0
-282.3999999985814	108.79999999984018	0
-281.599999998569	109.19999999983787	0
-280.79999999855653	109.59999999983553	0
-279.999999998544	109.99999999983316	0
-279.1999999985314	110.39999999983077	0
-278.3999999985187	110.79999999982834	0
-277.59999999850595	111.19999999982589	0
-276.79999999849315	111.59999999982341	0
-275.99999999848023	111.9999999998209	0
-275.19999999846726	112.39999999981836	0
-274.39999999845423	112.7999999998158	0
-273.59999999844115	113.1999999998132	0
-272.79999999842795	113.59999999981058	0
-271.9999999984147	113.99999999980793	0
-271.1999999984014	114.39999999980525	0
-270.39999999838795	114.79999999980254	0
-269.59999999837447	115.19999999979979	0
-268.79999999836093	115.599999999797	0
-267.9999999983473	115.9999999997942	0
-267.19999999833357	116.39999999979136	0
-266.3999999983198	116.79999999978848	0
-265.599999998306	117.19999999978558	0
-264.79999999829204	117.59999999978264	0
-263.99999999827804	117.99999999977966	0
-263.199999998264	118.39999999977665	0
-262.3999999982498	118.79999999977362	0
-261.5999999982356	119.19999999977054	0
-260.7999999982213	119.59999999976743	0
-259.99999999820693	119.99999999976428	0
-259.1999999981925	120.3999999997611	0
-258.399999998178	120.79999999975789	0
-257.59999999816336	121.19999999975464	0
-256.7999999981487	121.59999999975135	0
-255.99999999813392	121.99999999974803	0
-255.19999999811907	122.39999999974467	0
-254.39999999810416	122.79999999974127	0
-253.59999999808917	123.19999999973784	0
-252.7999999980741	123.59999999973437	0
-251.99999999805894	123.99999999973086	0
-251.19999999804372	124.39999999972731	0
-250.39999999802842	124.79999999972372	0
-249.59999999801303	125.19999999972009	0
-248.79999999799756	125.59999999971643	0
-247.999999997982	125.99999999971273	0
-247.1999999979664	126.39999999970898	0
-246.3999999979507	126.7999999997052	0
-245.5999999979349	127.19999999970136	0
-244.79999999791903	127.59999999969749	0
-243.99999999790307	127.99999999969357	0
-243.19999999788706	128.3999999996896	0
-242.39999999787096	128.7999999996856	0
-241.59999999785478	129.19999999968158	0
-240.7999999978385	129.5999999996775	0
-239.99999999782216	129.99999999967338	0
-239.19999999780572	130.3999999996692	0
-238.3999999977892	130.799999999665	0
-237.5999999977726	131.19999999966075	0
-236.79999999775595	131.59999999965643	0
-235.9999999977392	131.9999999996521	0
-235.19999999772236	132.3999999996477	0
-234.39999999770544	132.79999999964326	0
-233.59999999768843	133.19999999963878	0
-232.79999999767134	133.59999999963424	0
-231.99999999765416	133.99999999962967	0
-231.1999999976369	134.39999999962504	0
-230.39999999761955	134.79999999962035	0
-229.5999999976021	135.1999999996156	0
-228.7999999975846	135.59999999961084	0
-227.999999997567	135.99999999960602	0
-227.19999999754933	136.39999999960114	0
-226.39999999753158	136.7999999995962	0
-225.59999999751375	137.19999999959123	0
-224.79999999749583	137.5999999995862	0
-223.99999999747783	137.99999999958112	0
-223.19999999745974	138.39999999957598	0
-222.39999999744157	138.7999999995708	0
-221.5999999974233	139.19999999956553	0
-220.79999999740497	139.59999999956025	0
-219.99999999738654	139.99999999955492	0
-219.19999999736802	140.39999999954952	0
-218.39999999734943	140.79999999954407	0
-217.59999999733074	141.19999999953856	0
-216.79999999731197	141.599999999533	0
-215.99999999729312	141.99999999952738	0
-215.19999999727415	142.3999999995217	0
-214.3999999972551	142.79999999951596	0
-213.59999999723595	143.19999999951017	0
-212.79999999721673	143.59999999950432	0
-211.99999999719742	143.9999999994984	0
-211.19999999717803	144.39999999949245	0
-210.39999999715855	144.79999999948643	0
-209.59999999713898	145.19999999948033	0
-208.79999999711933	145.59999999947416	0
-207.9999999970996	145.99999999946795	0
-207.19999999707977	146.39999999946167	0
-206.39999999705987	146.79999999945534	0
-205.59999999703987	147.19999999944895	0
-204.7999999970198	147.59999999944247	0
-203.99999999699963	147.99999999943594	0
-203.19999999697936	148.39999999942935	0
-202.399999996959	148.7999999994227	0
-201.59999999693855	149.19999999941598	0
-200.79999999691802	149.5999999994092	0
-199.9999999968974	149.99999999940235	0
-199.1999999968767	150.39999999939545	0
-198.3999999968559	150.79999999938846	0
-197.59999999683504	151.19999999938142	0
-196.79999999681408	151.5999999993743	0
-195.999999996793	151.9999999993671	0
-195.19999999677185	152.39999999935986	0
-194.3999999967506	152.79999999935254	0
-193.59999999672928	153.19999999934515	0
-192.79999999670787	153.59999999933768	0
-191.99999999668637	153.99999999933016	0
-191.1999999966648	154.39999999932255	0
-190.3999999966431	154.79999999931488	0
-189.5999999966213	155.19999999930712	0
-188.79999999659944	155.5999999992993	0
-187.9999999965775	155.99999999929142	0
-187.19999999655545	156.39999999928344	0
-186.39999999653332	156.7999999992754	0
-185.59999999651112	157.19999999926728	0
-184.79999999648882	157.59999999925907	0
-183.9999999964664	157.9999999992508	0
-183.19999999644392	158.39999999924245	0
-182.39999999642134	158.79999999923402	0
-181.59999999639868	159.19999999922553	0
-180.79999999637593	159.59999999921695	0
-179.9999999963531	159.99999999920828	0
-179.19999999633018	160.39999999919954	0
-178.39999999630714	160.79999999919073	0
-177.59999999628403	161.19999999918184	0
-176.79999999626082	161.59999999917287	0
-175.99999999623753	161.9999999991638	0
-175.19999999621416	162.39999999915466	0
-174.3999999961907	162.79999999914543	0
-173.59999999616716	163.1999999991361	0
-172.79999999614353	163.5999999991267	0
-171.99999999611978	163.99999999911722	0
-171.19999999609595	164.39999999910765	0
-170.39999999607204	164.799999999098	0
-169.59999999604804	165.19999999908825	0
-168.79999999602396	165.59999999907842	0
-167.9999999959998	165.9999999990685	0
-167.19999999597553	166.3999999990585	0
-166.3999999959512	166.79999999904842	0
-165.59999999592677	167.19999999903825	0
-164.79999999590223	167.599999999028	0
-163.9999999958776	167.99999999901766	0
-163.1999999958529	168.39999999900724	0
-162.3999999958281	168.79999999899673	0
-161.59999999580322	169.1999999989861	0
-160.79999999577825	169.5999999989754	0
-159.9999999957532	169.9999999989646	0
-159.19999999572806	170.39999999895372	0
-158.39999999570284	170.79999999894272	0
-157.59999999567754	171.19999999893164	0
-156.79999999565214	171.59999999892048	0
-155.99999999562667	171.9999999989092	0
-155.1999999956011	172.39999999889784	0
-154.39999999557546	172.7999999988864	0
-153.59999999554972	173.19999999887483	0
-152.7999999955239	173.59999999886318	0
-151.999999995498	173.99999999885142	0
-151.199999995472	174.39999999883958	0
-150.39999999544594	174.79999999882764	0
-149.59999999541978	175.1999999988156	0
-148.79999999539353	175.59999999880347	0
-147.9999999953672	175.99999999879122	0
-147.1999999953408	176.3999999987789	0
-146.3999999953143	176.79999999876645	0
-145.5999999952877	177.1999999987539	0
-144.79999999526103	177.59999999874125	0
-143.99999999523428	177.9999999987285	0
-143.19999999520743	178.39999999871566	0
-142.3999999951805	178.7999999987027	0
-141.5999999951535	179.19999999868963	0
-140.7999999951264	179.59999999867648	0
-139.99999999509922	179.9999999986632	0
-139.19999999507198	180.39999999864983	0
-138.39999999504465	180.79999999863637	0
-137.59999999501724	181.1999999986228	0
-136.79999999498975	181.5999999986091	0
-135.99999999496217	181.99999999859529	0
-135.1999999949345	182.3999999985814	0
-134.39999999490678	182.7999999985674	0
-133.59999999487897	183.19999999855327	0
-132.79999999485108	183.59999999853903	0
-131.9999999948231	183.9999999985247	0
-131.19999999479504	184.39999999851022	0
-130.39999999476692	184.79999999849568	0
-129.5999999947387	185.19999999848102	0
-128.79999999471042	185.59999999846625	0
-127.99999999468206	185.99999999845136	0
-127.19999999465361	186.39999999843636	0
-126.39999999462509	186.79999999842124	0
-125.5999999945965	187.199999998406	0
-124.79999999456783	187.59999999839067	0
-123.99999999453908	187.99999999837522	0
-123.19999999451026	188.39999999835965	0
-122.39999999448136	188.79999999834396	0
-121.59999999445239	189.19999999832817	0
-120.79999999442335	189.59999999831226	0
-119.99999999439423	189.99999999829623	0
-119.19999999436504	190.3999999982801	0
-118.39999999433579	190.79999999826384	0
-117.59999999430646	191.19999999824745	0
-116.79999999427704	191.59999999823094	0
-115.99999999424756	191.99999999821432	0
-115.199999994218	192.3999999981976	0
-114.39999999418838	192.79999999818074	0
-113.5999999941587	193.19999999816378	0
-112.79999999412894	193.5999999981467	0
-111.99999999409911	193.99999999812948	0
-111.19999999406922	194.39999999811215	0
-110.39999999403925	194.7999999980947	0
-109.59999999400921	195.19999999807715	0
-108.79999999397911	195.59999999805945	0
-107.99999999394895	195.99999999804163	0
-107.19999999391871	196.3999999980237	0
-106.39999999388841	196.79999999800566	0
-105.59999999385805	197.19999999798748	0
-104.79999999382761	197.59999999796918	0
-103.99999999379712	197.99999999795077	0
-103.19999999376655	198.3999999979322	0
-102.39999999373593	198.79999999791355	0
-101.59999999370524	199.19999999789476	0
-100.79999999367449	199.59999999787584	0
-99.99999999364368	199.9999999978568	0
-99.1999999936128	200.39999999783765	0
-98.39999999358187	200.79999999781836	0
-97.59999999355088	201.19999999779895	0
-96.79999999351982	201.5999999977794	0
-95.9999999934887	201.99999999775974	0
-95.19999999345752	202.39999999773997	0
-94.39999999342629	202.79999999772005	0
-93.599999993395	203.19999999770002	0
-92.79999999336366	203.59999999767984	0
-91.99999999333225	203.99999999765956	0
-91.19999999330079	204.39999999763916	0
-90.39999999326928	204.7999999976186	0
-89.5999999932377	205.19999999759796	0
-88.79999999320607	205.59999999757716	0
-87.99999999317438	205.99999999755624	0
-87.19999999314264	206.3999999975352	0
-86.39999999311085	206.79999999751402	0
-85.59999999307901	207.1999999974927	0
-84.79999999304711	207.5999999974713	0
-83.99999999301517	207.99999999744972	0
-83.19999999298317	208.39999999742804	0
-82.39999999295111	208.79999999740622	0
-81.59999999291901	209.19999999738428	0
-80.79999999288685	209.5999999973622	0
-79.99999999285465	209.99999999734	0
-79.1999999928224	210.39999999731768	0
-78.3999999927901	210.79999999729523	0
-77.59999999275776	211.19999999727264	0
-76.79999999272536	211.59999999724994	0
-75.99999999269292	211.9999999972271	0
-75.19999999266044	212.39999999720413	0
-74.39999999262791	212.79999999718103	0
-73.59999999259534	213.19999999715782	0
-72.79999999256273	213.59999999713446	0
-71.99999999253006	213.99999999711096	0
-71.19999999249735	214.39999999708735	0
-70.3999999924646	214.7999999970636	0
-69.59999999243182	215.19999999703973	0
-68.799999992399	215.59999999701571	0
-67.99999999236613	215.9999999969916	0
-67.19999999233322	216.39999999696732	0
-66.39999999230027	216.79999999694294	0
-65.59999999226727	217.19999999691842	0
-64.79999999223425	217.59999999689379	0
-63.99999999220118	217.999999996869	0
-63.19999999216808	218.39999999684412	0
-62.399999992134944	218.79999999681908	0
-61.599999992101765	219.19999999679393	0
-60.79999999206855	219.59999999676864	0
-59.9999999920353	219.9999999967432	0
-59.19999999200202	220.39999999671767	0
-58.399999991968706	220.79999999669198	0
-57.599999991935356	221.19999999666618	0
-56.79999999190197	221.59999999664024	0
-55.999999991868556	221.99999999661418	0
-55.19999999183511	222.39999999658798	0
-54.39999999180163	222.79999999656167	0
-53.59999999176812	223.1999999965352	0
-52.79999999173458	223.59999999650864	0
-51.99999999170101	223.99999999648193	0
-51.19999999166741	224.3999999964551	0
-50.399999991633784	224.79999999642814	0
-49.59999999160013	225.19999999640106	0
-48.799999991566445	225.59999999637384	0
-47.99999999153273	225.9999999963465	0
-47.199999991499	226.39999999631902	0
-46.399999991465236	226.79999999629143	0
-45.599999991431446	227.19999999626373	0
-44.799999991397634	227.59999999623588	0
-43.9999999913638	227.99999999620792	0
-43.19999999132994	228.39999999617982	0
-42.399999991296056	228.7999999961516	0
-41.59999999126215	229.19999999612324	0
-40.799999991228226	229.59999999609477	0
-39.99999999119427	229.99999999606615	0
-39.1999999911603	230.39999999603742	0
-38.39999999112631	230.79999999600858	0
-37.5999999910923	231.1999999959796	0
-36.799999991058264	231.5999999959505	0
-35.99999999102421	231.99999999592129	0
-35.19999999099014	232.39999999589193	0
-34.399999990956054	232.79999999586246	0
-33.599999990921944	233.19999999583285	0
-32.79999999088782	233.59999999580313	0
-31.999999990853677	233.9999999957733	0
-31.19999999081952	234.39999999574331	0
-30.399999990785346	234.79999999571322	0
-29.599999990751158	235.19999999568302	0
-28.799999990716955	235.5999999956527	0
-27.99999999068274	235.99999999562223	0
-27.199999990648507	236.39999999559166	0
-26.399999990614262	236.79999999556097	0
-25.599999990580002	237.19999999553013	0
-24.799999990545732	237.5999999954992	0
-23.999999990511448	237.99999999546813	0
-23.199999990477153	238.39999999543696	0
-22.399999990442847	238.79999999540564	0
-21.59999999040853	239.1999999953742	0
-20.799999990374204	239.59999999534267	0
-19.999999990339866	239.99999999531101	0
-19.19999999030552	240.39999999527925	0
-18.399999990271166	240.79999999524733	0
-17.599999990236803	241.1999999952153	0
-16.79999999020243	241.59999999518317	0
-15.99999999016805	241.99999999515092	0
-15.199999990133662	242.39999999511855	0
-14.399999990099268	242.79999999508607	0
-13.599999990064868	243.19999999505347	0
-12.79999999003046	243.59999999502077	0
-11.999999989996049	243.99999999498792	0
-11.199999989961631	244.39999999495495	0
-10.39999998992721	244.79999999492188	0
-9.599999989892783	245.19999999488869	0
-8.799999989858353	245.59999999485538	0
-7.99999998982392	245.99999999482196	0
-7.199999989789482	246.39999999478843	0
-6.399999989755043	246.79999999475478	0
-5.5999999897206	247.19999999472103	0
-4.799999989686156	247.59999999468715	0
-3.9999999896517098	247.99999999465317	0
-3.1999999896172624	248.39999999461907	0
-2.399999989582814	248.79999999458485	0
-1.5999999895483652	249.19999999455052	0
-0.7999999895139159	249.5999999945161	0
1.0520533000324406e-08	249.99999999448158	0
0.8000000105549815	250.39999999444694	0
1.600000010589429	250.7999999944122	0
2.4000000106238755	251.19999999437732	0
3.2000000106583206	251.59999999434234	0
4.000000010692764	251.99999999430725	0
4.800000010727205	252.39999999427204	0
5.600000010761643	252.79999999423674	0
6.400000010796078	253.19999999420133	0
7.20000001083051	253.5999999941658	0
8.00000001086494	253.99999999413018	0
8.800000010899364	254.39999999409446	0
9.600000010933785	254.79999999405862	0
10.400000010968201	255.19999999402268	0
11.200000011002611	255.59999999398661	0
12.000000011037018	255.99999999395047	0
12.80000001107142	256.3999999939142	0
13.600000011105815	256.79999999387786	0
14.400000011140204	257.1999999938414	0
15.200000011174586	257.59999999380483	0
16.00000001120896	257.99999999376814	0
16.80000001124333	258.39999999373134	0
17.600000011277693	258.7999999936945	0
18.40000001131205	259.1999999936575	0
19.200000011346397	259.59999999362043	0
20.000000011380735	259.99999999358323	0
20.800000011415065	260.3999999935459	0
21.60000001144939	260.79999999350855	0
22.4000000114837	261.19999999347107	0
23.200000011518007	261.59999999343347	0
24.000000011552302	261.99999999339576	0
24.800000011586587	262.399999993358	0
25.600000011620864	262.7999999933201	0
26.40000001165513	263.1999999932821	0
27.200000011689387	263.599999993244	0
28.000000011723632	263.99999999320585	0
28.800000011757867	264.39999999316757	0
29.60000001179209	264.7999999931292	0
30.400000011826304	265.1999999930907	0
31.200000011860503	265.59999999305217	0
32.00000001189469	265.9999999930135	0
32.800000011928866	266.3999999929747	0
33.60000001196303	266.79999999293585	0
34.400000011997186	267.1999999928969	0
35.200000012031325	267.5999999928578	0
36.00000001206545	267.9999999928187	0
36.80000001209957	268.39999999277944	0
37.60000001213367	268.79999999274014	0
38.40000001216776	269.1999999927007	0
39.20000001220183	269.5999999926612	0
40.000000012235894	269.9999999926216	0
40.80000001226994	270.3999999925819	0
41.60000001230397	270.7999999925421	0
42.40000001233799	271.1999999925022	0
43.200000012371994	271.59999999246224	0
44.000000012405984	271.9999999924222	0
44.80000001243996	272.39999999238205	0
45.60000001247392	272.79999999234184	0
46.40000001250786	273.1999999923015	0
47.200000012541786	273.5999999922611	0
48.0000000125757	273.9999999922206	0
48.800000012609594	274.39999999217997	0
49.60000001264348	274.7999999921393	0
50.40000001267734	275.1999999920985	0
51.200000012711186	275.5999999920577	0
52.00000001274502	275.99999999201674	0
52.80000001277883	276.39999999197573	0
53.60000001281263	276.7999999919346	0
54.40000001284641	277.19999999189343	0
55.200000012880174	277.59999999185214	0
56.00000001291392	277.9999999918108	0
56.80000001294765	278.39999999176933	0
57.60000001298136	278.7999999917278	0
58.40000001301506	279.1999999916862	0
59.20000001304874	279.5999999916445	0
60.0000000130824	279.9999999916027	0
60.80000001311604	280.39999999156083	0
61.60000001314966	280.79999999151886	0
62.400000013183266	281.19999999147683	0
63.20000001321685	281.59999999143474	0
64.00000001325041	281.99999999139254	0
64.80000001328396	282.3999999913503	0
65.6000000133175	282.7999999913079	0
66.400000013351	283.1999999912655	0
67.2000000133845	283.599999991223	0
68.00000001341797	283.9999999911804	0
68.80000001345142	284.39999999113775	0
69.60000001348486	284.799999991095	0
70.40000001351828	285.19999999105215	0
71.20000001355167	285.59999999100927	0
72.00000001358505	285.9999999909663	0
72.80000001361842	286.3999999909232	0
73.60000001365175	286.7999999908801	0
74.40000001368507	287.1999999908369	0
75.20000001371837	287.5999999907936	0
76.00000001375165	287.99999999075027	0
76.8000000137849	288.3999999907068	0
77.60000001381813	288.7999999906633	0
78.40000001385135	289.19999999061974	0
79.20000001388455	289.59999999057607	0
80.00000001391773	289.99999999053233	0
80.80000001395088	290.39999999048854	0
81.60000001398402	290.7999999904447	0
82.40000001401712	291.1999999904007	0
83.20000001405022	291.5999999903567	0
84.00000001408328	291.99999999031263	0
84.80000001411634	292.39999999026844	0
85.60000001414936	292.7999999902242	0
86.40000001418237	293.1999999901799	0
87.20000001421536	293.59999999013553	0
88.00000001424833	293.99999999009106	0
88.80000001428128	294.3999999900465	0
89.6000000143142	294.79999999000194	0
90.40000001434711	295.1999999899573	0
91.20000001438	295.5999999899126	0
92.00000001441285	295.9999999898678	0
92.80000001444569	296.3999999898229	0
93.6000000144785	296.799999989778	0
94.40000001451129	297.199999989733	0
95.20000001454406	297.59999998968794	0
96.00000001457681	297.9999999896428	0
96.80000001460954	298.3999999895976	0
97.60000001464225	298.7999999895523	0
98.40000001467493	299.199999989507	0
99.2000000147076	299.5999999894616	0
100.00000001474024	299.99999998941615	0
100.80000001477286	300.3999999893706	0
101.60000001480546	300.799999989325	0
102.40000001483803	301.1999999892793	0
103.20000001487058	301.5999999892336	0
104.00000001490311	301.9999999891878	0
104.80000001493562	302.399999989142	0
105.6000000149681	302.7999999890961	0
106.40000001500057	303.1999999890501	0
107.20000001503301	303.59999998900406	0
108.00000001506542	303.99999998895794	0
108.80000001509782	304.39999998891176	0
109.60000001513019	304.7999999888655	0
110.40000001516255	305.19999998881923	0
111.20000001519487	305.5999999887729	0
112.00000001522719	305.9999999887265	0
112.80000001525947	306.39999998868	0
113.60000001529173	306.7999999886335	0
114.40000001532397	307.1999999885869	0
115.20000001535618	307.5999999885403	0
116.00000001538838	307.9999999884936	0
116.80000001542055	308.39999998844684	0
117.6000000154527	308.79999998840003	0
118.40000001548482	309.19999998835317	0
119.20000001551692	309.5999999883062	0
120.000000015549	309.99999998825916	0
120.80000001558106	310.3999999882121	0
121.60000001561309	310.7999999881649	0
122.4000000156451	311.1999999881177	0
123.20000001567709	311.59999998807046	0
124.00000001570906	311.99999998802315	0
124.800000015741	312.3999999879758	0
125.60000001577292	312.79999998792835	0
126.40000001580482	313.19999998788086	0
127.2000000158367	313.5999999878333	0
128.00000001586855	313.9999999877857	0
128.80000001590037	314.3999999877381	0
129.60000001593218	314.79999998769046	0
130.40000001596397	315.19999998764274	0
131.20000001599573	315.59999998759497	0
132.00000001602746	315.99999998754714	0
132.80000001605916	316.39999998749926	0
133.60000001609086	316.7999999874513	0
134.40000001612253	317.1999999874033	0
135.20000001615418	317.59999998735526	0
136.0000000161858	317.99999998730715	0
136.80000001621738	318.399999987259	0
137.60000001624897	318.79999998721075	0
138.40000001628053	319.19999998716247	0
139.20000001631206	319.59999998711413	0
140.00000001634356	319.99999998706573	0
140.80000001637504	320.3999999870173	0
141.6000000164065	320.7999999869688	0
142.40000001643796	321.1999999869203	0
143.20000001646937	321.59999998687175	0
144.00000001650076	321.9999999868231	0
144.80000001653212	322.39999998677445	0
145.60000001656348	322.7999999867257	0
146.40000001659482	323.1999999866769	0
147.20000001662612	323.59999998662806	0
148.0000000166574	323.99999998657916	0
148.80000001668864	324.39999998653025	0
149.6000000167199	324.7999999864813	0
150.4000000167511	325.19999998643226	0
151.2000000167823	325.5999999863832	0
152.00000001681346	325.99999998633405	0
152.8000000168446	326.39999998628485	0
153.60000001687573	326.7999999862356	0
154.40000001690683	327.19999998618636	0
155.2000000169379	327.59999998613705	0
156.00000001696895	327.9999999860877	0
156.80000001699997	328.39999998603827	0
157.600000017031	328.7999999859888	0
158.40000001706198	329.1999999859393	0
159.20000001709295	329.5999999858898	0
160.00000001712388	329.9999999858402	0
160.8000000171548	330.39999998579054	0
161.6000000171857	330.79999998574084	0
162.40000001721657	331.1999999856911	0
163.20000001724742	331.5999999856413	0
164.00000001727824	331.9999999855915	0
164.80000001730906	332.3999999855416	0
165.60000001733985	332.7999999854917	0
166.40000001737062	333.19999998544176	0
167.20000001740135	333.5999999853918	0
168.00000001743206	333.99999998534173	0
168.80000001746276	334.39999998529163	0
169.60000001749344	334.79999998524147	0
170.4000000175241	335.1999999851913	0
171.20000001755471	335.5999999851411	0
172.0000000175853	335.9999999850908	0
172.8000000176159	336.3999999850405	0
173.60000001764647	336.79999998499017	0
174.400000017677	337.1999999849398	0
175.2000000177075	337.59999998488934	0
176.00000001773802	337.99999998483884	0
176.8000000177685	338.39999998478834	0
177.60000001779895	338.7999999847378	0
178.40000001782937	339.19999998468717	0
179.20000001785976	339.5999999846365	0
180.00000001789016	339.9999999845858	0
180.80000001792052	340.3999999845351	0
181.60000001795086	340.7999999844843	0
182.40000001798117	341.19999998443353	0
183.20000001801148	341.5999999843827	0
184.00000001804176	341.9999999843318	0
184.800000018072	342.39999998428084	0
185.60000001810224	342.7999999842299	0
186.40000001813246	343.1999999841789	0
187.20000001816265	343.5999999841278	0
188.00000001819282	343.99999998407674	0
188.80000001822296	344.3999999840256	0
189.6000000182531	344.79999998397443	0
190.4000000182832	345.19999998392325	0
191.2000000183133	345.599999983872	0
192.00000001834334	345.9999999838207	0
192.80000001837337	346.3999999837694	0
193.6000000184034	346.79999998371807	0
194.4000000184334	347.19999998366666	0
195.20000001846336	347.59999998361525	0
196.0000000184933	347.9999999835638	0
196.80000001852324	348.39999998351226	0
197.60000001855315	348.79999998346074	0
198.40000001858303	349.19999998340916	0
199.20000001861288	349.5999999833575	0
200.00000001864274	349.9999999833059	0
200.80000001867256	350.3999999832542	0
201.60000001870236	350.79999998320244	0
202.40000001873216	351.1999999831507	0
203.20000001876193	351.5999999830989	0
204.00000001879167	351.999999983047	0
204.80000001882138	352.39999998299515	0
205.6000000188511	352.79999998294323	0
206.40000001888077	353.1999999828913	0
207.20000001891043	353.59999998283934	0
208.00000001894006	353.9999999827873	0
208.80000001896968	354.39999998273527	0
209.60000001899928	354.7999999826832	0
210.40000001902885	355.199999982631	0
211.2000000190584	355.5999999825789	0
212.00000001908793	355.9999999825267	0
212.80000001911745	356.39999998247447	0
213.60000001914693	356.7999999824222	0
214.40000001917642	357.1999999823699	0
215.20000001920587	357.59999998231757	0
216.0000000192353	357.9999999822652	0
216.8000000192647	358.3999999822128	0
217.6000000192941	358.7999999821604	0
218.40000001932347	359.19999998210795	0
219.2000000193528	359.59999998205546	0
220.00000001938216	359.9999999820029	0
220.80000001941147	360.3999999819504	0
221.60000001944076	360.79999998189777	0
222.40000001947	361.19999998184517	0
223.20000001949927	361.5999999817925	0
224.0000000195285	361.9999999817398	0
224.8000000195577	362.3999999816871	0
225.6000000195869	362.7999999816343	0
226.40000001961607	363.1999999815815	0
227.20000001964522	363.5999999815287	0
228.00000001967433	363.99999998147587	0
228.80000001970345	364.399999981423	0
229.60000001973253	364.7999999813701	0
230.4000000197616	365.19999998131715	0
231.20000001979065	365.59999998126415	0
232.00000001981968	365.99999998121115	0
232.80000001984868	366.3999999811581	0
233.60000001987768	366.79999998110503	0
234.40000001990666	367.1999999810519	0
235.2000000199356	367.5999999809988	0
236.00000001996455	367.99999998094563	0
236.80000001999346	368.39999998089246	0
237.60000002002235	368.79999998083923	0
238.4000000200512	369.199999980786	0
239.20000002008007	369.5999999807327	0
240.0000000201089	369.99999998067943	0
240.8000000201377	370.3999999806261	0
241.6000000201665	370.79999998057275	0
242.40000002019528	371.19999998051935	0
243.20000002022402	371.59999998046595	0
244.00000002025277	371.9999999804125	0
244.8000000202815	372.39999998035904	0
245.60000002031018	372.79999998030553	0
246.40000002033887	373.199999980252	0
247.20000002036753	373.59999998019845	0
248.00000002039616	373.9999999801449	0
248.8000000204248	374.39999998009125	0
249.6000000204534	374.7999999800376	0
250.40000002048197	375.19999997998394	0
251.20000002051054	375.59999997993026	0
252.0000000205391	375.9999999798765	0
252.8000000205676	376.3999999798228	0
253.60000002059613	376.799999979769	0
254.40000002062462	377.1999999797152	0
255.20000002065308	377.59999997966133	0
256.0000000206815	377.9999999796075	0
256.80000002070994	378.39999997955357	0
257.6000000207384	378.79999997949966	0
258.40000002076675	379.1999999794457	0
259.20000002079513	379.5999999793917	0
260.0000000208235	379.9999999793377	0
260.8000000208518	380.3999999792837	0
261.60000002088015	380.7999999792296	0
262.40000002090846	381.1999999791755	0
263.2000000209367	381.5999999791214	0
264.000000020965	381.99999997906724	0
264.80000002099325	382.39999997901305	0
265.60000002102146	382.79999997895885	0
266.40000002104966	383.19999997890466	0
267.20000002107787	383.5999999788504	0
268.0000000211061	383.99999997879615	0
268.8000000211342	384.39999997874185	0
269.6000000211624	384.79999997868754	0
270.4000000211905	385.1999999786332	0
271.2000000212186	385.5999999785788	0
272.0000000212467	385.9999999785244	0
272.8000000212748	386.39999997846996	0
273.60000002130283	386.7999999784155	0
274.40000002133087	387.199999978361	0
275.2000000213589	387.5999999783065	0
276.0000000213869	387.999999978252	0
276.80000002141486	388.39999997819746	0
277.60000002144284	388.79999997814286	0
278.40000002147076	389.1999999780883	0
279.2000000214987	389.5999999780336	0
280.0000000215266	389.999999977979	0
280.8000000215545	390.3999999779243	0
281.6000000215824	390.7999999778696	0
282.40000002161025	391.1999999778149	0
283.2000000216381	391.59999997776015	0
284.0000000216659	391.9999999777054	0
284.80000002169373	392.3999999776506	0
285.60000002172154	392.7999999775958	0
286.4000000217493	393.199999977541	0
287.20000002177704	393.5999999774861	0
288.0000000218048	393.99999997743123	0
288.8000000218325	394.3999999773763	0
289.6000000218602	394.79999997732136	0
290.4000000218879	395.19999997726643	0
291.20000002191557	395.59999997721144	0
292.0000000219432	395.99999997715645	0
292.80000002197085	396.3999999771014	0
293.6000000219985	396.79999997704635	0
294.40000002202606	397.1999999769913	0
295.20000002205364	397.5999999769362	0
296.0000000220812	397.9999999768811	0
296.8000000221088	398.39999997682594	0
297.6000000221363	398.7999999767708	0
298.40000002216385	399.1999999767156	0
299.2000000221914	399.5999999766604	0
300.00000002221884	399.9999999766052	0
300.8000000222463	400.39999997654996	0
301.6000000222738	400.7999999764947	0
302.4000000223012	401.1999999764394	0
303.2000000223286	401.5999999763841	0
304.000000022356	401.99999997632875	0
304.8000000223834	402.3999999762734	0
305.60000002241077	402.79999997621803	0
306.4000000224381	403.19999997616264	0
307.2000000224655	403.5999999761072	0
308.00000002249277	403.99999997605175	0
308.80000002252007	404.3999999759963	0
309.60000002254736	404.7999999759408	0
310.40000002257466	405.1999999758853	0
311.2000000226019	405.5999999758298	0
312.00000002262914	405.99999997577424	0
312.8000000226564	406.3999999757187	0
313.60000002268356	406.7999999756631	0
314.40000002271074	407.1999999756075	0
315.2000000227379	407.5999999755519	0
316.0000000227651	407.9999999754962	0
316.80000002279223	408.39999997544055	0
317.60000002281936	408.7999999753849	0
318.4000000228465	409.19999997532915	0
319.2000000228736	409.5999999752734	0
320.0000000229007	409.9999999752177	0
320.80000002292775	410.3999999751619	0
321.6000000229548	410.7999999751061	0
322.4000000229818	411.19999997505033	0
323.20000002300884	411.5999999749945	0
324.00000002303585	411.99999997493865	0
324.80000002306286	412.3999999748828	0
325.6000000230898	412.7999999748269	0
326.4000000231168	413.199999974771	0
327.20000002314373	413.5999999747151	0
328.0000000231707	413.99999997465915	0
328.8000000231976	414.3999999746032	0
329.6000000232245	414.79999997454723	0
330.4000000232514	415.1999999744912	0
331.2000000232782	415.5999999744352	0
332.00000002330506	415.9999999743792	0
332.8000000233319	416.3999999743231	0
333.60000002335875	416.79999997426705	0
334.40000002338553	417.199999974211	0
335.2000000234123	417.59999997415485	0
336.0000000234391	417.9999999740987	0
336.8000000234659	418.3999999740426	0
337.6000000234926	418.7999999739864	0
338.40000002351934	419.19999997393023	0
339.20000002354607	419.59999997387405	0
340.0000000235728	419.9999999738178	0
340.80000002359947	420.39999997376157	0
341.60000002362614	420.7999999737053	0
342.4000000236528	421.199999973649	0
343.2000000236794	421.59999997359273	0
344.00000002370604	421.99999997353643	0
344.80000002373265	422.3999999734801	0
345.60000002375926	422.7999999734237	0
346.4000000237858	423.19999997336737	0
347.2000000238124	423.59999997331096	0
348.00000002383894	423.99999997325455	0
348.8000000238655	424.39999997319813	0
349.600000023892	424.79999997314167	0
350.4000000239185	425.1999999730852	0
351.200000023945	425.59999997302873	0
352.0000000239715	425.99999997297226	0
352.80000002399794	426.39999997291574	0
353.6000000240244	426.7999999728592	0
354.4000000240508	427.1999999728027	0
355.20000002407727	427.5999999727461	0
356.00000002410366	427.9999999726895	0
356.80000002413004	428.39999997263294	0
357.60000002415643	428.7999999725763	0
358.4000000241828	429.19999997251966	0
359.20000002420915	429.599999972463	0
360.0000000242355	429.9999999724064	0
360.8000000242618	430.3999999723497	0
361.60000002428814	430.799999972293	0
362.4000000243144	431.1999999722363	0
363.2000000243407	431.59999997217955	0
364.00000002436695	431.9999999721228	0
364.8000000243932	432.39999997206604	0
365.60000002441944	432.7999999720093	0
366.40000002444566	433.1999999719525	0
367.2000000244719	433.59999997189567	0
368.0000000244981	433.99999997183886	0
368.80000002452425	434.399999971782	0
369.6000000245504	434.79999997172513	0
370.40000002457657	435.19999997166826	0
371.20000002460273	435.5999999716114	0
372.0000000246289	435.9999999715545	0
372.800000024655	436.39999997149755	0
373.6000000246811	436.7999999714406	0
374.4000000247072	437.19999997138365	0
375.2000000247333	437.59999997132667	0
376.00000002475934	437.9999999712697	0
376.8000000247854	438.3999999712127	0
377.60000002481144	438.79999997115567	0
378.4000000248375	439.19999997109863	0
379.20000002486347	439.5999999710416	0
380.00000002488946	439.99999997098456	0
380.80000002491545	440.39999997092747	0
381.60000002494144	440.7999999708704	0
382.40000002496737	441.1999999708133	0
383.2000000249933	441.59999997075613	0
384.00000002501923	441.999999970699	0
384.80000002504516	442.39999997064183	0
385.6000000250711	442.7999999705847	0
386.400000025097	443.1999999705275	0
387.20000002512285	443.59999997047026	0
388.0000000251487	443.99999997041306	0
388.8000000251746	444.39999997035585	0
389.6000000252004	444.7999999702986	0
390.40000002522623	445.1999999702413	0
391.20000002525205	445.59999997018406	0
392.00000002527787	445.9999999701268	0
392.80000002530363	446.3999999700695	0
393.6000000253294	446.79999997001215	0
394.40000002535515	447.19999996995483	0
395.2000000253809	447.5999999698975	0
396.0000000254067	447.99999996984013	0
396.8000000254324	448.39999996978275	0
397.6000000254581	448.7999999697254	0
398.4000000254838	449.199999969668	0
399.2000000255095	449.59999996961056	0
400.00000002553514	449.99999996955313	0
400.8000000255608	450.3999999694957	0
401.60000002558644	450.79999996943826	0
402.4000000256121	451.19999996938077	0
403.20000002563773	451.5999999693233	0
404.0000000256633	451.9999999692658	0
404.8000000256889	452.3999999692083	0
405.6000000257145	452.79999996915075	0
406.4000000257401	453.1999999690932	0
407.20000002576563	453.59999996903565	0
408.00000002579117	453.9999999689781	0
408.8000000258167	454.3999999689205	0
409.60000002584223	454.7999999688629	0
410.40000002586777	455.1999999688053	0
411.20000002589325	455.5999999687477	0
412.0000000259187	455.99999996869	0
412.8000000259442	456.39999996863236	0
413.6000000259697	456.7999999685747	0
414.4000000259951	457.19999996851703	0
415.2000000260205	457.5999999684593	0
416.00000002604594	457.9999999684016	0
416.80000002607136	458.3999999683439	0
417.6000000260968	458.79999996828616	0
418.40000002612214	459.19999996822844	0
419.2000000261475	459.59999996817066	0
420.00000002617287	459.9999999681129	0
420.80000002619823	460.3999999680551	0
421.6000000262236	460.79999996799734	0
422.4000000262489	461.1999999679395	0
423.2000000262742	461.5999999678817	0
424.0000000262995	461.99999996782384	0
424.8000000263248	462.399999967766	0
425.60000002635013	462.7999999677081	0
426.4000000263754	463.19999996765023	0
427.20000002640063	463.59999996759234	0
428.0000000264259	463.99999996753445	0
428.80000002645113	464.39999996747656	0
429.6000000264764	464.7999999674186	0
430.4000000265016	465.19999996736067	0
431.20000002652677	465.5999999673027	0
432.00000002655196	465.9999999672448	0
432.80000002657715	466.3999999671868	0
433.6000000266023	466.79999996712877	0
434.4000000266274	467.19999996707077	0
435.20000002665256	467.59999996701276	0
436.0000000266777	467.99999996695476	0
436.80000002670283	468.3999999668967	0
437.6000000267279	468.79999996683864	0
438.400000026753	469.1999999667806	0
439.20000002677807	469.5999999667225	0
440.00000002680315	469.99999996666446	0
440.80000002682823	470.39999996660634	0
441.60000002685325	470.7999999665482	0
442.4000000268783	471.1999999664901	0
443.2000000269033	471.599999966432	0
444.0000000269283	471.9999999663739	0
444.80000002695334	472.3999999663157	0
445.6000000269783	472.79999996625753	0
446.4000000270033	473.19999996619936	0
447.20000002702824	473.5999999661412	0
448.0000000270532	473.99999996608295	0
448.80000002707817	474.3999999660247	0
449.6000000271031	474.7999999659665	0
450.400000027128	475.19999996590826	0
451.2000000271529	475.59999996585003	0
452.0000000271778	475.99999996579174	0
452.8000000272027	476.39999996573346	0
453.6000000272276	476.79999996567517	0
454.4000000272525	477.1999999656169	0
455.2000000272773	477.5999999655586	0
456.0000000273022	477.99999996550025	0
456.80000002732703	478.3999999654419	0
457.6000000273519	478.79999996538356	0
458.4000000273767	479.1999999653252	0
459.2000000274015	479.5999999652669	0
460.00000002742627	479.9999999652085	0
460.80000002745106	480.3999999651501	0
461.60000002747586	480.7999999650917	0
462.4000000275006	481.19999996503327	0
463.20000002752533	481.59999996497487	0
464.0000000275501	481.9999999649164	0
464.8000000275748	482.39999996485795	0
465.60000002759955	482.7999999647995	0
466.40000002762423	483.19999996474104	0
467.2000000276489	483.5999999646826	0
468.0000000276736	483.9999999646241	0
468.8000000276983	484.3999999645656	0
469.60000002772296	484.7999999645071	0
470.40000002774764	485.1999999644486	0
471.20000002777226	485.59999996439007	0
472.0000000277969	485.99999996433155	0
472.8000000278215	486.399999964273	0
473.60000002784614	486.7999999642144	0
474.40000002787076	487.19999996415584	0
475.2000000278953	487.59999996409726	0
476.0000000279199	487.9999999640387	0
476.80000002794446	488.39999996398006	0
477.60000002796903	488.79999996392144	0
478.4000000279936	489.1999999638628	0
479.20000002801817	489.5999999638042	0
480.0000000280427	489.99999996374555	0
480.8000000280672	490.3999999636869	0
481.6000000280917	490.79999996362824	0
482.4000000281162	491.19999996356955	0
483.2000000281407	491.59999996351087	0
484.0000000281652	491.9999999634522	0
484.80000002818963	492.3999999633935	0
485.6000000282141	492.79999996333476	0
486.40000002823854	493.199999963276	0
487.200000028263	493.5999999632173	0
488.00000002828745	493.99999996315853	0
488.80000002831184	494.3999999630998	0
489.60000002833624	494.79999996304105	0
490.40000002836064	495.19999996298225	0
491.20000002838503	495.59999996292345	0
492.00000002840943	495.99999996286465	0
492.80000002843383	496.39999996280585	0
493.60000002845817	496.79999996274705	0
494.4000000284825	497.1999999626882	0
495.20000002850685	497.59999996262934	0
496.0000000285312	497.9999999625705	0
496.80000002855553	498.39999996251163	0
497.6000000285798	498.7999999624528	0
498.4000000286041	499.1999999623939	0
499.2000000286284	499.599999962335	0
500.00000002865266	499.9999999622761	0
500.80000002867695	500.3999999622172	0
501.60000002870123	500.79999996215827	0
502.40000002872546	501.19999996209935	0
503.2000000287497	501.59999996204044	0
504.0000000287739	501.9999999619815	0
504.80000002879814	502.3999999619225	0
505.60000002882236	502.79999996186353	0
506.4000000288466	503.19999996180456	0
507.20000002887076	503.5999999617456	0
508.00000002889493	503.9999999616866	0
508.8000000289191	504.3999999616276	0
509.60000002894327	504.7999999615686	0
510.40000002896744	505.19999996150955	0
511.2000000289916	505.5999999614505	0
512.0000000290157	505.9999999613915	0
512.8000000290399	506.39999996133247	0
513.6000000290641	506.7999999612734	0
514.4000000290881	507.1999999612143	0
515.2000000291122	507.5999999611552	0
516.0000000291362	507.99999996109614	0
516.8000000291603	508.39999996103705	0
517.6000000291843	508.79999996097797	0
518.4000000292084	509.19999996091883	0
519.2000000292325	509.5999999608597	0
520.0000000292565	509.99999996080055	0
520.8000000292806	510.3999999607414	0
521.6000000293046	510.79999996068227	0
522.4000000293287	511.19999996062313	0
523.2000000293527	511.599999960564	0
524.0000000293767	511.9999999605048	0
524.8000000294006	512.3999999604456	0
525.6000000294246	512.7999999603865	0
526.4000000294485	513.1999999603272	0
527.2000000294724	513.599999960268	0
528.0000000294964	513.9999999602087	0
528.8000000295203	514.3999999601494	0
529.6000000295443	514.7999999600902	0
530.4000000295682	515.1999999600309	0
531.2000000295922	515.5999999599717	0
532.0000000296161	515.9999999599124	0
532.80000002964	516.3999999598532	0
533.600000029664	516.7999999597939	0
534.4000000296878	517.1999999597347	0
535.2000000297116	517.5999999596754	0
536.0000000297355	517.9999999596162	0
536.8000000297593	518.3999999595568	0
537.6000000297831	518.7999999594974	0
538.400000029807	519.1999999594381	0
539.2000000298308	519.5999999593787	0
540.0000000298546	519.9999999593193	0
540.8000000298784	520.39999995926	0
541.6000000299023	520.7999999592006	0
542.4000000299261	521.1999999591412	0
543.2000000299499	521.5999999590819	0
544.0000000299738	521.9999999590225	0
544.8000000299975	522.3999999589631	0
545.6000000300212	522.7999999589038	0
546.4000000300449	523.1999999588444	0
547.2000000300686	523.5999999587849	0
548.0000000300923	523.9999999587254	0
548.800000030116	524.399999958666	0
549.6000000301398	524.7999999586065	0
550.4000000301635	525.199999958547	0
551.2000000301872	525.5999999584875	0
552.0000000302109	525.999999958428	0
552.8000000302346	526.3999999583685	0
553.6000000302583	526.7999999583091	0
554.4000000302821	527.1999999582496	0
555.2000000303057	527.5999999581901	0
556.0000000303293	527.9999999581306	0
556.8000000303529	528.3999999580711	0
557.6000000303765	528.7999999580117	0
558.4000000304001	529.1999999579521	0
559.2000000304237	529.5999999578925	0
560.0000000304473	529.9999999578329	0
560.8000000304709	530.3999999577733	0
561.6000000304945	530.7999999577137	0
562.4000000305181	531.1999999576541	0
563.2000000305417	531.5999999575945	0
564.0000000305653	531.9999999575349	0
564.8000000305889	532.3999999574753	0
565.6000000306124	532.7999999574157	0
566.4000000306359	533.1999999573561	0
567.2000000306593	533.5999999572965	0
568.0000000306828	533.9999999572369	0
568.8000000307063	534.3999999571773	0
569.6000000307298	534.7999999571177	0
570.4000000307533	535.199999957058	0
571.2000000307768	535.5999999569983	0
572.0000000308003	535.9999999569386	0
572.8000000308238	536.3999999568789	0
573.6000000308472	536.7999999568192	0
574.4000000308707	537.1999999567595	0
575.2000000308942	537.5999999566998	0
576.0000000309177	537.9999999566401	0
576.8000000309411	538.3999999565804	0
577.6000000309645	538.7999999565207	0
578.4000000309878	539.1999999564609	0
579.2000000310112	539.5999999564012	0
580.0000000310346	539.9999999563415	0
580.800000031058	540.3999999562818	0
581.6000000310813	540.7999999562221	0
582.4000000311047	541.1999999561623	0
583.2000000311281	541.5999999561025	0
584.0000000311514	541.9999999560426	0
584.8000000311748	542.3999999559828	0
585.6000000311982	542.799999955923	0
586.4000000312216	543.1999999558632	0
587.2000000312449	543.5999999558034	0
588.0000000312683	543.9999999557435	0
588.8000000312916	544.3999999556837	0
589.6000000313148	544.7999999556239	0
590.4000000313381	545.1999999555641	0
591.2000000313614	545.5999999555042	0
592.0000000313846	545.9999999554444	0
592.8000000314079	546.3999999553846	0
593.6000000314311	546.7999999553248	0
594.4000000314544	547.199999955265	0
595.2000000314777	547.599999955205	0
596.0000000315009	547.9999999551451	0
596.8000000315242	548.3999999550851	0
597.6000000315474	548.7999999550252	0
598.4000000315707	549.1999999549653	0
599.200000031594	549.5999999549053	0
600.0000000316171	549.9999999548454	0
600.8000000316403	550.3999999547855	0
601.6000000316634	550.7999999547255	0
602.4000000316865	551.1999999546656	0
603.2000000317097	551.5999999546057	0
604.0000000317328	551.9999999545457	0
604.800000031756	552.3999999544858	0
605.6000000317791	552.7999999544259	0
606.4000000318023	553.1999999543659	0
607.2000000318254	553.599999954306	0
608.0000000318486	553.9999999542459	0
608.8000000318717	554.3999999541859	0
609.6000000318949	554.7999999541258	0
610.400000031918	555.1999999540658	0
611.2000000319412	555.5999999540057	0
612.0000000319642	555.9999999539457	0
612.8000000319872	556.3999999538856	0
613.6000000320103	556.7999999538256	0
614.4000000320333	557.1999999537655	0
615.2000000320563	557.5999999537055	0
616.0000000320794	557.9999999536454	0
616.8000000321024	558.3999999535854	0
617.6000000321254	558.7999999535253	0
618.4000000321485	559.1999999534653	0
619.2000000321715	559.5999999534052	0
620.0000000321945	559.9999999533452	0
620.8000000322176	560.3999999532851	0
621.6000000322406	560.799999953225	0
622.4000000322636	561.1999999531648	0
623.2000000322867	561.5999999531047	0
624.0000000323097	561.9999999530445	0
624.8000000323326	562.3999999529843	0
625.6000000323555	562.7999999529242	0
626.4000000323784	563.199999952864	0
627.2000000324014	563.5999999528038	0
628.0000000324243	563.9999999527437	0
628.8000000324472	564.3999999526835	0
629.6000000324701	564.7999999526234	0
630.400000032493	565.1999999525632	0
631.200000032516	565.599999952503	0
632.0000000325389	565.9999999524429	0
632.8000000325618	566.3999999523827	0
633.6000000325847	566.7999999523225	0
634.4000000326076	567.1999999522624	0
635.2000000326306	567.5999999522022	0
636.0000000326535	567.9999999521419	0
636.8000000326764	568.3999999520817	0
637.6000000326992	568.7999999520214	0
638.400000032722	569.1999999519611	0
639.2000000327448	569.5999999519008	0
640.0000000327676	569.9999999518406	0
640.8000000327904	570.3999999517803	0
641.6000000328132	570.79999995172	0
642.400000032836	571.1999999516597	0
643.2000000328588	571.5999999515994	0
644.0000000328816	571.9999999515392	0
644.8000000329044	572.3999999514789	0
645.6000000329273	572.7999999514186	0
646.4000000329501	573.1999999513583	0
647.2000000329729	573.5999999512981	0
648.0000000329957	573.9999999512378	0
648.8000000330185	574.3999999511775	0
649.6000000330413	574.7999999511172	0
650.400000033064	575.1999999510568	0
651.2000000330867	575.5999999509964	0
652.0000000331094	575.9999999509361	0
652.800000033132	576.3999999508757	0
653.6000000331547	576.7999999508153	0
654.4000000331774	577.1999999507549	0
655.2000000332001	577.5999999506945	0
656.0000000332228	577.9999999506341	0
656.8000000332455	578.3999999505737	0
657.6000000332682	578.7999999505133	0
658.4000000332909	579.1999999504529	0
659.2000000333136	579.5999999503925	0
660.0000000333363	579.9999999503322	0
660.800000033359	580.3999999502718	0
661.6000000333817	580.7999999502114	0
662.4000000334044	581.199999950151	0
663.200000033427	581.5999999500906	0
664.0000000334496	581.9999999500302	0
664.8000000334722	582.3999999499698	0
665.6000000334948	582.7999999499094	0
666.4000000335174	583.1999999498489	0
667.2000000335399	583.5999999497884	0
668.0000000335625	583.9999999497279	0
668.8000000335851	584.3999999496674	0
669.6000000336077	584.7999999496069	0
670.4000000336302	585.1999999495464	0
671.2000000336528	585.5999999494859	0
672.0000000336754	585.9999999494254	0
672.800000033698	586.3999999493649	0
673.6000000337206	586.7999999493044	0
674.4000000337431	587.1999999492439	0
675.2000000337657	587.5999999491834	0
676.0000000337883	587.9999999491229	0
676.8000000338109	588.3999999490624	0
677.6000000338333	588.7999999490019	0
678.4000000338558	589.1999999489414	0
679.2000000338783	589.5999999488808	0
680.0000000339007	589.9999999488203	0
680.8000000339232	590.3999999487598	0
681.6000000339457	590.7999999486993	0
682.4000000339681	591.1999999486387	0
683.2000000339906	591.5999999485781	0
684.000000034013	591.9999999485175	0
684.8000000340355	592.3999999484569	0
685.600000034058	592.7999999483962	0
686.4000000340804	593.1999999483356	0
687.2000000341029	593.599999948275	0
688.0000000341254	593.9999999482144	0
688.8000000341478	594.3999999481538	0
689.6000000341703	594.7999999480932	0
690.4000000341928	595.1999999480325	0
691.2000000342152	595.5999999479719	0
692.0000000342376	595.9999999479113	0
692.8000000342599	596.3999999478507	0
693.6000000342823	596.7999999477901	0
694.4000000343046	597.1999999477295	0
695.200000034327	597.5999999476688	0
696.0000000343493	597.9999999476082	0
696.8000000343717	598.3999999475476	0
697.600000034394	598.799999947487	0
698.4000000344164	599.1999999474264	0
699.2000000344387	599.5999999473656	0
700.0000000344611	599.9999999473049	0
700.8000000344834	600.3999999472442	0
701.6000000345058	600.7999999471834	0
702.4000000345281	601.1999999471227	0
703.2000000345505	601.599999947062	0
704.0000000345728	601.9999999470012	0
704.8000000345952	602.3999999469405	0
705.6000000346176	602.7999999468798	0
706.4000000346398	603.199999946819	0
707.200000034662	603.5999999467583	0
708.0000000346843	603.9999999466976	0
708.8000000347065	604.3999999466369	0
709.6000000347287	604.7999999465761	0
710.400000034751	605.1999999465154	0
711.2000000347732	605.5999999464547	0
712.0000000347954	605.9999999463939	0
712.8000000348177	606.3999999463332	0
713.6000000348399	606.7999999462725	0
714.4000000348622	607.1999999462117	0
715.2000000348844	607.599999946151	0
716.0000000349066	607.9999999460903	0
716.8000000349289	608.3999999460294	0
717.6000000349511	608.7999999459686	0
718.4000000349733	609.1999999459077	0
719.2000000349956	609.5999999458469	0
720.0000000350178	609.999999945786	0
720.8000000350401	610.3999999457252	0
721.6000000350623	610.7999999456644	0
722.4000000350844	611.1999999456035	0
723.2000000351065	611.5999999455427	0
724.0000000351287	611.9999999454818	0
724.8000000351508	612.399999945421	0
725.6000000351729	612.7999999453601	0
726.400000035195	613.1999999452993	0
727.2000000352172	613.5999999452384	0
728.0000000352393	613.9999999451776	0
728.8000000352614	614.3999999451167	0
729.6000000352835	614.7999999450559	0
730.4000000353057	615.199999944995	0
731.2000000353278	615.5999999449342	0
732.0000000353499	615.9999999448734	0
732.800000035372	616.3999999448125	0
733.6000000353941	616.7999999447517	0
734.4000000354163	617.1999999446908	0
735.2000000354384	617.5999999446299	0
736.0000000354605	617.9999999445689	0
736.8000000354826	618.399999944508	0
737.6000000355046	618.799999944447	0
738.4000000355267	619.199999944386	0
739.2000000355487	619.5999999443251	0
740.0000000355707	619.9999999442641	0
740.8000000355927	620.3999999442032	0
741.6000000356147	620.7999999441422	0
742.4000000356367	621.1999999440812	0
743.2000000356587	621.5999999440203	0
744.0000000356807	621.9999999439593	0
744.8000000357027	622.3999999438984	0
745.6000000357247	622.7999999438374	0
746.4000000357468	623.1999999437764	0
747.2000000357688	623.5999999437155	0
748.0000000357908	623.9999999436545	0
748.8000000358128	624.3999999435936	0
749.6000000358348	624.7999999435326	0
750.4000000358568	625.1999999434717	0
751.2000000358788	625.5999999434107	0
752.0000000359008	625.9999999433497	0
752.8000000359228	626.3999999432888	0
753.6000000359448	626.7999999432278	0
754.4000000359667	627.1999999431669	0
755.2000000359886	627.5999999431058	0
756.0000000360105	627.9999999430447	0
756.8000000360324	628.3999999429836	0
757.6000000360543	628.7999999429226	0
758.4000000360762	629.1999999428615	0
759.2000000360981	629.5999999428004	0
760.00000003612	629.9999999427394	0
760.8000000361419	630.3999999426783	0
761.6000000361638	630.7999999426172	0
762.4000000361857	631.1999999425561	0
763.2000000362076	631.5999999424951	0
764.0000000362295	631.999999942434	0
764.8000000362514	632.3999999423729	0
765.6000000362733	632.7999999423118	0
766.4000000362952	633.1999999422508	0
767.2000000363171	633.5999999421897	0
768.000000036339	633.9999999421286	0
768.8000000363609	634.3999999420676	0
769.6000000363828	634.7999999420065	0
770.4000000364045	635.1999999419454	0
771.2000000364263	635.5999999418843	0
772.0000000364481	635.9999999418233	0
772.8000000364699	636.3999999417622	0
773.6000000364917	636.7999999417011	0
774.4000000365135	637.19999994164	0
775.2000000365352	637.5999999415789	0
776.000000036557	637.9999999415177	0
776.8000000365788	638.3999999414565	0
777.6000000366006	638.7999999413953	0
778.4000000366224	639.1999999413341	0
779.2000000366442	639.5999999412729	0
780.0000000366659	639.9999999412117	0
780.8000000366877	640.3999999411506	0
781.6000000367095	640.7999999410894	0
782.4000000367313	641.1999999410282	0
783.2000000367531	641.599999940967	0
784.0000000367748	641.9999999409058	0
784.8000000367966	642.3999999408446	0
785.6000000368184	642.7999999407834	0
786.4000000368402	643.1999999407223	0
787.200000036862	643.5999999406611	0
788.0000000368836	643.9999999405999	0
788.8000000369053	644.3999999405387	0
789.600000036927	644.7999999404775	0
790.4000000369487	645.1999999404163	0
791.2000000369703	645.5999999403551	0
792.000000036992	645.999999940294	0
792.8000000370137	646.3999999402328	0
793.6000000370353	646.7999999401716	0
794.400000037057	647.1999999401104	0
795.2000000370787	647.5999999400492	0
796.0000000371003	647.999999939988	0
796.800000037122	648.3999999399267	0
797.6000000371437	648.7999999398654	0
798.4000000371653	649.1999999398041	0
799.200000037187	649.5999999397428	0
800.0000000372087	649.9999999396815	0
800.8000000372303	650.3999999396202	0
801.600000037252	650.7999999395589	0
802.4000000372737	651.1999999394976	0
803.2000000372954	651.5999999394363	0
804.000000037317	651.999999939375	0
804.8000000373387	652.3999999393137	0
805.6000000373604	652.7999999392524	0
806.4000000373819	653.1999999391911	0
807.2000000374035	653.5999999391298	0
808.000000037425	653.9999999390685	0
808.8000000374466	654.3999999390072	0
809.6000000374681	654.7999999389459	0
810.4000000374897	655.1999999388846	0
811.2000000375112	655.5999999388233	0
812.0000000375328	655.999999938762	0
812.8000000375544	656.3999999387007	0
813.6000000375759	656.7999999386394	0
814.4000000375975	657.1999999385781	0
815.200000037619	657.5999999385168	0
816.0000000376406	657.9999999384555	0
816.8000000376621	658.3999999383942	0
817.6000000376837	658.7999999383329	0
818.4000000377052	659.1999999382716	0
819.2000000377268	659.5999999382103	0
820.0000000377484	659.9999999381489	0
820.8000000377699	660.3999999380875	0
821.6000000377915	660.7999999380261	0
822.400000037813	661.1999999379647	0
823.2000000378346	661.5999999379032	0
824.0000000378561	661.9999999378418	0
824.8000000378776	662.3999999377804	0
825.600000037899	662.799999937719	0
826.4000000379204	663.1999999376576	0
827.2000000379419	663.5999999375962	0
828.0000000379633	663.9999999375348	0
828.8000000379848	664.3999999374734	0
829.6000000380062	664.7999999374119	0
830.4000000380277	665.1999999373505	0
831.2000000380491	665.5999999372891	0
832.0000000380705	665.9999999372277	0
832.800000038092	666.3999999371663	0
833.6000000381134	666.7999999371049	0
834.4000000381349	667.1999999370435	0
835.2000000381563	667.599999936982	0
836.0000000381777	667.9999999369206	0
836.8000000381992	668.3999999368592	0
837.6000000382206	668.7999999367978	0
838.4000000382421	669.1999999367364	0
839.2000000382635	669.599999936675	0
840.000000038285	669.9999999366136	0
840.8000000383064	670.3999999365521	0
841.6000000383278	670.7999999364907	0
842.4000000383493	671.1999999364293	0
843.2000000383707	671.5999999363679	0
844.000000038392	671.9999999363064	0
844.8000000384134	672.3999999362449	0
845.6000000384347	672.7999999361833	0
846.400000038456	673.1999999361218	0
847.2000000384774	673.5999999360603	0
848.0000000384987	673.9999999359987	0
848.80000003852	674.3999999359372	0
849.6000000385413	674.7999999358757	0
850.4000000385627	675.1999999358142	0
851.200000038584	675.5999999357526	0
852.0000000386053	675.9999999356911	0
852.8000000386266	676.3999999356296	0
853.600000038648	676.799999935568	0
854.4000000386693	677.1999999355065	0
855.2000000386906	677.599999935445	0
856.000000038712	677.9999999353835	0
856.8000000387333	678.399999935322	0
857.6000000387546	678.7999999352604	0
858.4000000387759	679.1999999351989	0
859.2000000387973	679.5999999351374	0
860.0000000388186	679.9999999350758	0
860.8000000388399	680.3999999350143	0
861.6000000388613	680.7999999349528	0
862.4000000388826	681.1999999348913	0
863.2000000389039	681.5999999348297	0
864.0000000389251	681.9999999347682	0
864.8000000389463	682.3999999347067	0
865.6000000389676	682.7999999346451	0
866.4000000389888	683.1999999345836	0
867.20000003901	683.5999999345221	0
868.0000000390312	683.9999999344606	0
868.8000000390524	684.399999934399	0
869.6000000390736	684.7999999343374	0
870.4000000390948	685.1999999342758	0
871.200000039116	685.5999999342141	0
872.0000000391373	685.9999999341525	0
872.8000000391585	686.3999999340908	0
873.6000000391797	686.7999999340292	0
874.4000000392009	687.1999999339675	0
875.2000000392221	687.5999999339059	0
876.0000000392433	687.9999999338443	0
876.8000000392645	688.3999999337826	0
877.6000000392858	688.799999933721	0
878.400000039307	689.1999999336593	0
879.2000000393282	689.5999999335977	0
880.0000000393494	689.9999999335361	0
880.8000000393706	690.3999999334744	0
881.6000000393918	690.7999999334128	0
882.400000039413	691.1999999333511	0
883.2000000394343	691.5999999332895	0
884.0000000394555	691.9999999332279	0
884.8000000394766	692.3999999331662	0
885.6000000394977	692.7999999331046	0
886.4000000395188	693.1999999330429	0
887.2000000395399	693.5999999329813	0
888.000000039561	693.9999999329196	0
888.8000000395821	694.399999932858	0
889.6000000396032	694.7999999327964	0
890.4000000396243	695.1999999327347	0
891.2000000396454	695.5999999326731	0
892.0000000396665	695.9999999326114	0
892.8000000396876	696.3999999325498	0
893.6000000397087	696.7999999324882	0
894.4000000397298	697.1999999324265	0
895.2000000397509	697.5999999323649	0
896.000000039772	697.9999999323032	0
896.8000000397931	698.3999999322415	0
897.6000000398142	698.7999999321797	0
898.4000000398353	699.199999932118	0
899.2000000398564	699.5999999320562	0
900.0000000398775	699.9999999319945	0
900.8000000398986	700.3999999319327	0
901.6000000399197	700.799999931871	0
902.4000000399408	701.1999999318092	0
903.2000000399619	701.5999999317474	0
904.000000039983	701.9999999316857	0
904.8000000400041	702.3999999316239	0
905.6000000400252	702.7999999315622	0
906.4000000400462	703.1999999315004	0
907.2000000400672	703.5999999314387	0
908.0000000400881	703.9999999313769	0
908.8000000401091	704.3999999313152	0
909.6000000401301	704.7999999312534	0
910.4000000401511	705.1999999311917	0
911.2000000401721	705.5999999311299	0
912.0000000401931	705.9999999310681	0
912.8000000402141	706.3999999310064	0
913.600000040235	706.7999999309446	0
914.400000040256	707.1999999308829	0
915.200000040277	707.5999999308211	0
916.000000040298	707.9999999307594	0
916.800000040319	708.3999999306976	0
917.60000004034	708.7999999306359	0
918.400000040361	709.1999999305741	0
919.200000040382	709.5999999305124	0
920.0000000404029	709.9999999304506	0
920.8000000404239	710.3999999303888	0
921.6000000404449	710.7999999303271	0
922.4000000404659	711.1999999302653	0
923.2000000404869	711.5999999302036	0
924.0000000405079	711.9999999301418	0
924.8000000405289	712.3999999300801	0
925.6000000405498	712.7999999300182	0
926.4000000405708	713.1999999299563	0
927.2000000405918	713.5999999298945	0
928.0000000406128	713.9999999298326	0
928.8000000406337	714.3999999297707	0
929.6000000406545	714.7999999297089	0
930.4000000406754	715.199999929647	0
931.2000000406963	715.5999999295851	0
932.0000000407172	715.9999999295233	0
932.800000040738	716.3999999294614	0
933.6000000407589	716.7999999293995	0
934.4000000407798	717.1999999293377	0
935.2000000408007	717.5999999292758	0
936.0000000408215	717.9999999292139	0
936.8000000408424	718.399999929152	0
937.6000000408633	718.7999999290902	0
938.4000000408842	719.1999999290283	0
939.200000040905	719.5999999289664	0
940.0000000409259	719.9999999289046	0
940.8000000409468	720.3999999288427	0
941.6000000409676	720.7999999287808	0
942.4000000409885	721.199999928719	0
943.2000000410094	721.5999999286571	0
944.0000000410303	721.9999999285952	0
944.8000000410511	722.3999999285334	0
945.600000041072	722.7999999284715	0
946.4000000410929	723.1999999284096	0
947.2000000411138	723.5999999283478	0
948.0000000411346	723.9999999282859	0
948.8000000411555	724.399999928224	0
949.6000000411764	724.7999999281622	0
950.4000000411972	725.1999999281003	0
951.2000000412181	725.5999999280384	0
952.0000000412389	725.9999999279765	0
952.8000000412596	726.3999999279147	0
953.6000000412804	726.7999999278528	0
954.4000000413012	727.1999999277909	0
955.2000000413219	727.5999999277291	0
956.0000000413427	727.9999999276671	0
956.8000000413634	728.3999999276051	0
957.6000000413842	728.7999999275431	0
958.400000041405	729.1999999274811	0
959.2000000414257	729.5999999274192	0
960.0000000414465	729.9999999273572	0
960.8000000414672	730.3999999272952	0
961.600000041488	730.7999999272332	0
962.4000000415087	731.1999999271712	0
963.2000000415295	731.5999999271093	0
964.0000000415503	731.9999999270473	0
964.800000041571	732.3999999269853	0
965.6000000415918	732.7999999269233	0
966.4000000416125	733.1999999268613	0
967.2000000416333	733.5999999267993	0
968.0000000416541	733.9999999267374	0
968.8000000416748	734.3999999266754	0
969.6000000416956	734.7999999266134	0
970.4000000417163	735.1999999265514	0
971.2000000417371	735.5999999264894	0
972.0000000417579	735.9999999264274	0
972.8000000417786	736.3999999263655	0
973.6000000417994	736.7999999263035	0
974.4000000418201	737.1999999262415	0
975.2000000418409	737.5999999261795	0
976.0000000418617	737.9999999261175	0
976.8000000418823	738.3999999260556	0
977.600000041903	738.7999999259936	0
978.4000000419236	739.1999999259316	0
979.2000000419442	739.5999999258696	0
980.0000000419649	739.9999999258076	0
980.8000000419855	740.3999999257456	0
981.6000000420062	740.7999999256837	0
982.4000000420268	741.1999999256217	0
983.2000000420475	741.5999999255597	0
984.0000000420681	741.9999999254977	0
984.8000000420888	742.3999999254357	0
985.6000000421094	742.7999999253738	0
986.40000004213	743.1999999253118	0
987.2000000421507	743.5999999252498	0
988.0000000421713	743.9999999251878	0
988.800000042192	744.3999999251257	0
989.6000000422126	744.7999999250636	0
990.4000000422333	745.1999999250015	0
991.2000000422539	745.5999999249394	0
992.0000000422746	745.9999999248773	0
992.8000000422952	746.3999999248152	0
993.6000000423159	746.7999999247531	0
994.4000000423365	747.199999924691	0
995.2000000423571	747.599999924629	0
996.0000000423778	747.9999999245669	0
996.8000000423984	748.3999999245048	0
997.6000000424191	748.7999999244427	0
998.4000000424397	749.1999999243806	0
999.2000000424604	749.5999999243185	0
1000.000000042481	749.9999999242564	0
1000.8000000425017	750.3999999241943	0
1001.6000000425222	750.7999999241322	0
1002.4000000425427	751.1999999240701	0
1003.2000000425633	751.599999924008	0
1004.0000000425838	751.9999999239459	0
1004.8000000426043	752.3999999238838	0
1005.6000000426249	752.7999999238217	0
1006.4000000426454	753.1999999237596	0
1007.2000000426659	753.5999999236975	0
1008.0000000426865	753.9999999236354	0
1008.800000042707	754.3999999235733	0
1009.6000000427275	754.7999999235112	0
1010.400000042748	755.1999999234491	0
1011.2000000427686	755.599999923387	0
1012.0000000427891	755.9999999233249	0
1012.8000000428096	756.3999999232628	0
1013.6000000428302	756.7999999232007	0
1014.4000000428507	757.1999999231386	0
1015.2000000428712	757.5999999230766	0
1016.0000000428918	757.9999999230145	0
1016.8000000429123	758.3999999229524	0
1017.6000000429328	758.7999999228903	0
1018.4000000429534	759.1999999228282	0
1019.2000000429739	759.5999999227661	0
1020.0000000429944	759.999999922704	0
1020.800000043015	760.3999999226419	0
1021.6000000430355	760.7999999225798	0
1022.400000043056	761.1999999225177	0
1023.2000000430766	761.5999999224556	0
1024.000000043097	761.9999999223934	0
1024.8000000431175	762.3999999223312	0
1025.600000043138	762.799999922269	0
1026.4000000431583	763.1999999222068	0
1027.2000000431788	763.5999999221445	0
1028.0000000431992	763.9999999220823	0
1028.8000000432196	764.3999999220201	0
1029.60000004324	764.7999999219579	0
1030.4000000432604	765.1999999218957	0
1031.2000000432809	765.5999999218335	0
1032.0000000433013	765.9999999217713	0
1032.8000000433217	766.3999999217091	0
1033.600000043342	766.7999999216469	0
1034.4000000433625	767.1999999215847	0
1035.200000043383	767.5999999215225	0
1036.0000000434034	767.9999999214602	0
1036.8000000434238	768.399999921398	0
1037.6000000434442	768.7999999213358	0
1038.4000000434646	769.1999999212736	0
1039.200000043485	769.5999999212114	0
1040.0000000435055	769.9999999211492	0
1040.8000000435259	770.399999921087	0
1041.6000000435463	770.7999999210248	0
1042.4000000435667	771.1999999209626	0
1043.2000000435871	771.5999999209004	0
1044.0000000436075	771.9999999208381	0
1044.800000043628	772.3999999207759	0
1045.6000000436484	772.7999999207137	0
1046.4000000436688	773.1999999206515	0
1047.2000000436892	773.5999999205893	0
1048.0000000437096	773.9999999205271	0
1048.80000004373	774.3999999204649	0
1049.6000000437505	774.7999999204027	0
1050.400000043771	775.1999999203405	0
1051.2000000437913	775.5999999202783	0
1052.0000000438117	775.999999920216	0
1052.8000000438321	776.3999999201538	0
1053.6000000438526	776.7999999200916	0
1054.400000043873	777.1999999200294	0
1055.2000000438934	777.5999999199672	0
1056.0000000439138	777.999999919905	0
1056.8000000439342	778.3999999198428	0
1057.6000000439547	778.7999999197806	0
1058.400000043975	779.1999999197184	0
1059.2000000439955	779.5999999196562	0
1060.000000044016	779.999999919594	0
1060.8000000440363	780.3999999195318	0
1061.6000000440567	780.7999999194694	0
1062.4000000440772	781.1999999194071	0
1063.2000000440976	781.5999999193448	0
1064.000000044118	781.9999999192825	0
1064.8000000441384	782.3999999192201	0
1065.6000000441588	782.7999999191578	0
1066.4000000441793	783.1999999190955	0
1067.2000000441997	783.5999999190332	0
1068.00000004422	783.9999999189708	0
1068.8000000442405	784.3999999189085	0
1069.600000044261	784.7999999188462	0
1070.4000000442811	785.1999999187839	0
1071.2000000443013	785.5999999187216	0
1072.0000000443215	785.9999999186592	0
1072.8000000443417	786.3999999185969	0
1073.6000000443619	786.7999999185346	0
1074.400000044382	787.1999999184723	0
1075.2000000444023	787.5999999184099	0
1076.0000000444224	787.9999999183476	0
1076.8000000444426	788.3999999182853	0
1077.6000000444628	788.799999918223	0
1078.400000044483	789.1999999181606	0
1079.2000000445032	789.5999999180983	0
1080.0000000445234	789.999999918036	0
1080.8000000445436	790.3999999179737	0
1081.6000000445638	790.7999999179114	0
1082.400000044584	791.199999917849	0
1083.2000000446042	791.5999999177867	0
1084.0000000446244	791.9999999177244	0
1084.8000000446445	792.3999999176621	0
1085.6000000446647	792.7999999175997	0
1086.400000044685	793.1999999175374	0
1087.2000000447051	793.5999999174751	0
1088.0000000447253	793.9999999174128	0
1088.8000000447455	794.3999999173504	0
1089.6000000447657	794.7999999172881	0
1090.4000000447859	795.1999999172258	0
1091.200000044806	795.5999999171635	0
1092.0000000448263	795.9999999171011	0
1092.8000000448465	796.3999999170388	0
1093.6000000448666	796.7999999169765	0
1094.4000000448868	797.1999999169142	0
1095.200000044907	797.5999999168519	0
1096.0000000449272	797.9999999167895	0
1096.8000000449474	798.3999999167272	0
1097.6000000449676	798.7999999166649	0
1098.4000000449878	799.1999999166026	0
1099.200000045008	799.5999999165402	0
