-0.0	0.0	0
1.7921709546886085e-19	8.94673531281159e-20	0
1.438162919180162e-18	7.168113997992794e-19	0
4.8688020657235346e-18	2.4228594916361124e-18	0
1.1576584296498714e-17	5.751659993468036e-18	0
2.2680596767239982e-17	1.1250484269225379e-17	0
3.931371800585384e-17	1.94698282881297e-17	0
6.262277366111862e-17	3.0963413841112236e-17	0
9.376869404303126e-17	4.628818935718205e-17	0
1.3392667347583208e-16	6.600433030925109e-17	0
1.8428633148497608e-16	9.06752391987047e-17	0
2.4605187583956453e-16	1.2086754510778338e-16	0
3.2044226747199955e-16	1.5715110280861427e-16	0
4.086913872968767e-16	2.000989914174993e-16	0
5.120482049513771e-16	2.502875125828308e-16	0
6.317769494796837e-16	3.0829618819476444e-16	0
7.691572819841948e-16	3.7470775760453397e-16	0
9.254844702665744e-16	4.50108174341043e-16	0
1.102069565481942e-15	5.350866023121113e-16	0
1.3002395808297678e-15	6.302354114774974e-16	0
1.5213376723053028e-15	7.361501729805495e-16	0
1.7667233215356539e-15	8.534296537250695e-16	0
2.037772520724878e-15	9.826758103836996e-16	0
2.335877959732751e-15	1.1244937828238573e-15	0
2.662449215312138e-15	1.2794918869369626e-15	0
3.0189129425301856e-15	1.4482816068564051e-15	0
3.4067130683988257e-15	1.6314775865494045e-15	0
3.82731098774037e-15	1.829697620767614e-15	0
4.282185761314281e-15	2.043562645341004e-15	0
4.7728343162314615e-15	2.273696726799257e-15	0
5.300771648682739e-15	2.52072705130457e-15	0
5.867531029008484e-15	2.78528391287945e-15	0
6.474664209136621e-15	3.068000700912734e-15	0
7.12374163241659e-15	3.369513886926753e-15	0
7.81635264587711e-15	3.690463010588178e-15	0
8.554105714935921e-15	4.031490664944767e-15	0
9.33862864058997e-15	4.39324248086985e-15	0
1.0171568779114847e-14	4.776367110696021e-15	0
1.1054593264302555e-14	5.181516211019159e-15	0
1.198938923226706e-14	5.609344424653476e-15	0
1.2977664048847344e-14	6.06050936171794e-15	0
1.4021145539638036e-14	6.535671579834008e-15	0
1.512158222267802e-14	7.035494563414197e-15	0
1.628074354382773e-14	7.560644702020617e-15	0
1.750042011486618e-14	8.111791267772172e-15	0
1.8782423954339136e-14	8.689606391778703e-15	0
2.0128588731190125e-14	9.294765039579907e-15	0
2.1540770011206352e-14	9.927944985566445e-15	0
2.3020845506311937e-14	1.0589826786360164e-14	0
2.4570715326741176e-14	1.1281093753129932e-14	0
2.6192302236124988e-14	1.2002431922819094e-14	0
2.78875519095239e-14	1.2754530028260085e-14	0
2.965843319444142e-14	1.3538079467151248e-14	0
3.150693837485194e-14	1.4353774269870425e-14	0
3.3435083438277603e-14	1.5202311066099326e-14	0
3.54449083459491e-14	1.608438905023226e-14	0
3.7538477306085484e-14	1.7000709945542185e-14	0
3.9717879050328704e-14	1.795197796707658e-14	0
4.19852271133687e-14	1.8938899783255034e-14	0
4.434266011579544e-14	1.9962184476139938e-14	0
4.679234205021455e-14	2.1022543500351076e-14	0
4.933646257066358e-14	2.212069064059433e-14	0
5.197723728536634e-14	2.3257341967774148e-14	0
5.4716908052863085e-14	2.443321579365879e-14	0
5.75577432815548e-14	2.564903262406681e-14	0
6.050203823270001e-14	2.6905515110542528e-14	0
6.355211532690319e-14	2.820338800048772e-14	0
6.671032445413389e-14	2.954337808571599e-14	0
6.997904328731663e-14	3.0926214149395735e-14	0
7.336067759953122e-14	3.235262691134689e-14	0
7.685766158486429e-14	3.382334897165595e-14	0
8.047245818295276e-14	3.533911475257306e-14	0
8.420755940726054e-14	3.690066043865439e-14	0
8.806548667713016e-14	3.850872391511205e-14	0
9.204879115365111e-14	4.016404470433325e-14	0
9.616005407938777e-14	4.186736390052968e-14	0
1.0040188712200927e-13	4.361942410247712e-14	0
1.0477693272186481e-13	4.5420969344304716e-14	0
1.0928786444354803e-13	4.727274502429252e-14	0
1.1393738733149424e-13	4.917549783163499e-14	0
1.1872823826965514e-13	5.1129975671127445e-14	0
1.2366318634529577e-13	5.313692758573156e-14	0
1.2874503321695875e-13	5.5197103676975184e-14	0
1.3397661348664173e-13	5.731125502314082e-14	0
1.3936079507623361e-13	5.948013359519631e-14	0
1.4490047960825645e-13	6.170449217042036e-14	0
1.5059860279095935e-13	6.398508424367453e-14	0
1.564581348078118e-13	6.632266393627241e-14	0
1.6248208071144415e-13	6.871798590239599e-14	0
1.6867348082208284e-13	7.117180523300777e-14	0
1.7503541113052912e-13	7.368487735720675e-14	0
1.8157098370572992e-13	7.625795794097487e-14	0
1.8828334710698985e-13	7.889180278326001e-14	0
1.9517568680087427e-13	8.158716770934006e-14	0
2.0225122558285302e-13	8.4344808461412e-14	0
2.095132240037352e-13	8.716548058634857e-14	0
2.1696498080094606e-13	9.004993932056399e-14	0
2.2460983333469655e-13	9.299893947192926e-14	0
2.324511580290975e-13	9.601323529867642e-14	0
2.404923708182701e-13	9.909358038522962e-14	0
2.487369275975045e-13	1.0224072751490018e-13	0
2.571883246795203e-13	1.0545542853938148e-13	0
2.6585009925588034e-13	1.087384342449778e-13	0
2.747258298636124e-13	1.1209049421550096e-13	0
2.83819136857092e-13	1.155123566917662e-13	0
2.9313368288524e-13	1.1900476842761852e-13	0
3.0267317337409015e-13	1.225684745424186e-13	0
3.12441357014781e-13	1.2620421836991636e-13	0
3.2244202625702665e-13	1.299127413034392e-13	0
3.3267901780812294e-13	1.3369478263731984e-13	0
3.4315621313754376e-13	1.3755107940448798e-13	0
3.5387753898718415e-13	1.414823662101481e-13	0
3.6484696788730633e-13	1.454893750614647e-13	0
3.760685186782453e-13	1.4957283519317395e-13	0
3.8754625703793114e-13	1.5373347288904063e-13	0
3.9928429601528525e-13	1.5797201129907613e-13	0
4.1128679656954793e-13	1.6228917025243276e-13	0
4.235579681155953e-13	1.6668566606588774e-13	0
4.3610206907530353e-13	1.711622113478286e-13	0
4.4892340743501874e-13	1.7571951479764986e-13	0
4.620263413091913e-13	1.8035828100046968e-13	0
4.754152795102328e-13	1.8507921021707305e-13	0
4.890946821246558e-13	1.8988299816898637e-13	0
5.030690610955544e-13	1.9477033581858696e-13	0
5.173429808114856e-13	1.9974190914414856e-13	0
5.319210587018112e-13	2.0479839890972254e-13	0
5.468079658385598e-13	2.0994048042975272e-13	0
5.620084275448693e-13	2.1516882332831924e-13	0
5.775272240100684e-13	2.204840912929059e-13	0
5.933691909114604e-13	2.258869418225827e-13	0
6.095392200428655e-13	2.313780259704933e-13	0
6.26042259949986e-13	2.3695798808053587e-13	0
6.428833165726514e-13	2.4262746551812325e-13	0
6.600674538940074e-13	2.4838708839490557e-13	0
6.775997945967057e-13	2.5423747928733784e-13	0
6.954855207261578e-13	2.6017925294897167e-13	0
7.137298743609129e-13	2.6621301601634873e-13	0
7.323381582902187e-13	2.7233936670837064e-13	0
7.513157366988287e-13	2.785588945190189e-13	0
7.706680358591125e-13	2.848721799032947e-13	0
7.904005448305337e-13	2.912797939562474e-13	0
8.105188161665513e-13	2.9778229808495716e-13	0
8.310284666290078e-13	3.0438024367333575e-13	0
8.519351779100628e-13	3.1107417173960566e-13	0
8.732446973617311e-13	3.1786461258631704e-13	0
8.949628387330849e-13	3.2475208544275764e-13	0
9.17095482915181e-13	3.3173709809960964e-13	0
9.396485786937685e-13	3.3882014653570403e-13	0
9.626281435098386e-13	3.460017145367208e-13	0
9.86040264228073e-13	3.5328227330568e-13	0
1.0098910979132492e-12	3.606622810650672e-13	0
1.0341868726146588e-12	3.6814218265043236e-13	0
1.0589338881585982e-12	3.757224090953001e-13	0
1.084138516948985e-12	3.834033772072249e-13	0
1.1098072047761587e-12	3.911854891348233e-13	0
1.135946471633917e-12	3.99069131925611e-13	0
1.1625629125448468e-12	4.0705467707447047e-13	0
1.1896631983940012e-12	4.1514248006257143e-13	0
1.2172540767709743e-12	4.233328798865637e-13	0
1.2453423728204298e-12	4.3162619857785825e-13	0
1.2739349901011307e-12	4.400227407118098e-13	0
1.3030389114535249e-12	4.4852279290661044e-13	0
1.3326611998759324e-12	4.571266233117012e-13	0
1.3628089994093857e-12	4.658344810855043e-13	0
1.3934895360311699e-12	4.746465958622762e-13	0
1.4247101185571081e-12	4.835631772078783e-13	0
1.4564781395526404e-12	4.925844140642569e-13	0
1.4888010762527369e-12	5.017104741824243e-13	0
1.5216864914906902e-12	5.109415035437239e-13	0
1.555142034635829e-12	5.202776257691649e-13	0
1.58917544254019e-12	5.297189415166023e-13	0
1.6237945404941918e-12	5.392655278655401e-13	0
1.659007243191341e-12	5.489174376893259e-13	0
1.6948215557020136e-12	5.586746990145075e-13	0
1.7312455744563392e-12	5.685373143671126e-13	0
1.7682874882362227e-12	5.78505260105613e-13	0
1.8059555791765345e-12	5.885784857403281e-13	0
1.844258223775493e-12	5.9875691323902e-13	0
1.883203893914273e-12	6.090404363184288e-13	0
1.922801157885853e-12	6.194289197214896e-13	0
1.963058681433136e-12	6.299221984799733e-13	0
2.003985228796352e-12	6.405200771622851e-13	0
2.045589663769766e-12	6.512223291061524e-13	0
2.087880950767701e-12	6.620286956359288e-13	0
2.1308681558998947e-12	6.729388852642372e-13	0
2.1745604480561904e-12	6.839525728776693e-13	0
2.218967100000576e-12	6.950693989062573e-13	0
2.2640974894745696e-12	7.062889684764244e-13	0
2.3099611003099526e-12	7.176108505471209e-13	0
2.3565675235508508e-12	7.290345770288462e-13	0
2.4039264585851527e-12	7.405596418852512e-13	0
2.452047714285258e-12	7.521855002170127e-13	0
2.5009412101581418e-12	7.639115673276672e-13	0
2.550616977504721e-12	7.757372177710838e-13	0
2.601085160588495e-12	7.876617843802547e-13	0
2.652356017813444e-12	7.996845572770744e-13	0
2.7044399229111513e-12	8.118047828627755e-13	0
2.7573473661371183e-12	8.240216627886828e-13	0
2.8110889554762322e-12	8.363343529069436e-13	0
2.865675417857349e-12	8.487419622008861e-13	0
2.9211176003769405e-12	8.612435516946536e-13	0
2.9774264715317575e-12	8.738381333417574e-13	0
3.0346131224604476e-12	8.865246688921847e-13	0
3.0926887681940713e-12	8.993020687376944e-13	0
3.151664748915444e-12	9.121691907349278e-13	0
3.2115525312272356e-12	9.251248390059566e-13	0
3.2723637094287448e-12	9.381677627158834e-13	0
3.334110006801265e-12	9.512966548271087e-13	0
3.3968032769019525e-12	9.645101508298683e-13	0
3.4604555048660974e-12	9.778068274486443e-13	0
3.5250788087176943e-12	9.91185201324044e-13	0
3.590685440688202e-12	1.0046437276697381e-12	0
3.6572877885433765e-12	1.018180798904044e-12	0
3.724898376918046e-12	1.0317947432557322e-12	0
3.793529868658706e-12	1.0454838233436335e-12	0
3.863195066173786e-12	1.0592462347296138e-12	0
3.933906912791441e-12	1.0730801044444816e-12	0
4.005678494124717e-12	1.0869834894863883e-12	0
4.078523039443915e-12	1.1009543752912728e-12	0
4.152453923055999e-12	1.1149906741748997e-12	0
4.227484665690842e-12	1.129090223746035e-12	0
4.303628935894138e-12	1.1432507852902943e-12	0
4.380900551426769e-12	1.157470042124201e-12	0
4.459313480670422e-12	1.1717455979189766e-12	0
4.5388818440392254e-12	1.1860749749935882e-12	0
4.6196199153971904e-12	1.200455612576572e-12	0
4.701542123481196e-12	1.2148848650361397e-12	0
4.784663053329281e-12	1.229360000078082e-12	0
4.8689974477139706e-12	1.2438781969109642e-12	0
4.95456020858036e-12	1.2584365443781165e-12	0
5.041366398488679e-12	1.27303203905591e-12	0
5.129431242061019e-12	1.287661583317804e-12	0
5.218770127431933e-12	1.3023219833636514e-12	0
5.309398607702557e-12	1.3170099472137373e-12	0
5.401332402397942e-12	1.3317220826670265e-12	0
5.4945873989272175e-12	1.3464548952230901e-12	0
5.5891796540462356e-12	1.3612047859671746e-12	0
5.685125395322317e-12	1.3759680494178768e-12	0
5.782441022600688e-12	1.3907408713368806e-12	0
5.881143109472213e-12	1.4055193265002088e-12	0
5.981248404741986e-12	1.4202993764304406e-12	0
6.08277383389834e-12	1.4350768670893396e-12	0
6.185736500581822e-12	1.4498475265303363e-12	0
6.290153688053646e-12	1.4646069625103032e-12	0
6.39604286066314e-12	1.4793506600600589e-12	0
6.503421665313672e-12	1.4940739790130366e-12	0
6.6123079329265185e-12	1.5087721514915455e-12	0
6.722719679902149e-12	1.523440279350054e-12	0
6.8346751095783295e-12	1.5380733315749237e-12	0
6.948192613684484e-12	1.5526661416400142e-12	0
7.0632907737916886e-12	1.567213404817585e-12	0
7.179988362757688e-12	1.5817096754439134e-12	0
7.298304346166264e-12	1.5961493641390512e-12	0
7.418257883760308e-12	1.6105267349801372e-12	0
7.539868330867893e-12	1.6248359026276853e-12	0
7.663155239820628e-12	1.639070829404268e-12	0
7.788138361363569e-12	1.6532253223250121e-12	0
7.914837646055908e-12	1.66729303007933e-12	0
8.043273245661675e-12	1.6812674399633018e-12	0
8.173465514529616e-12	1.695141874762136e-12	0
8.305435010961445e-12	1.7089094895821283e-12	0
8.439202498567571e-12	1.7225632686315463e-12	0
8.574788947609443e-12	1.7360960219498692e-12	0
8.712215536327578e-12	1.749500382084813e-12	0
8.85150365225434e-12	1.7627688007165784e-12	0
8.992674893510497e-12	1.77589354522876e-12	0
9.135751070084553e-12	1.7888666952253624e-12	0
9.280754205093823e-12	1.8016801389933723e-12	0
9.427706536026214e-12	1.8143255699103434e-12	0
9.576630515961585e-12	1.8267944827964554e-12	0
9.727548814771607e-12	1.8390781702105185e-12	0
9.880484320296935e-12	1.8511677186893987e-12	0
1.0035460139500537e-11	1.8630540049303516e-12	0
1.0192499599595933e-11	1.8747276919157602e-12	0
1.0351626249149127e-11	1.8861792249797812e-12	0
1.0512863859152918e-11	1.897398827816417e-12	0
1.067623642407228e-11	1.908376498428538e-12	0
1.0841768162859462e-11	1.919102005017405e-12	0
1.100948351993741e-11	1.9295648818122295e-12	0
1.1179407166150077e-11	1.939754424839358e-12	0
1.1351563999678178e-11	1.949659687630649e-12	0
1.1525979146918851e-11	1.959269476870651e-12	0
1.170267796332772e-11	1.9685723479821907e-12	0
1.1881686034221755e-11	1.977556600650016e-12	0
1.2063029175541315e-11	1.9862102742821365e-12	0
1.224673343456971e-11	1.9945211434085428e-12	0
1.2432825090608592e-11	2.0024767130170003e-12	0
1.2621330655607422e-11	2.0100642138256333e-12	0
1.2812276874745223e-11	2.0172705974920436e-12	0
1.3005690726962804e-11	2.02408253175873e-12	0
1.320159942544358e-11	2.0304863955346057e-12	0
1.3400030418041066e-11	2.0364682739124327e-12	0
1.3601011387651093e-11	2.042013953122026e-12	0
1.3804570252526748e-11	2.047108915419108e-12	0
1.4010735166533977e-11	2.0517383339097318e-12	0
1.4219534519345767e-11	2.0558870673102127e-12	0
1.4430996936572766e-11	2.0595396546425614e-12	0
1.464515127982814e-11	2.0626803098654298e-12	0
1.4862026646724458e-11	2.065292916440631e-12	0
1.508165237080031e-11	2.0673610218353354e-12	0
1.530405802137433e-11	2.068867831960075e-12	0
1.552927340332424e-11	2.069796205542749e-12	0
1.575732855678852e-11	2.0701286484388527e-12	0
1.598825375678819e-11	2.0698473078782145e-12	0
1.6222079512766216e-11	2.068933966648557e-12	0
1.6458836568041952e-11	2.0673700372162717e-12	0
1.6698555899178007e-11	2.065136555784828e-12	0
1.6941268715256866e-11	2.0622141762913105e-12	0
1.7187006457064536e-11	2.0585831643416244e-12	0
1.743580079617848e-11	2.0542233910849766e-12	0
1.7687683633956985e-11	2.0491143270282933e-12	0
1.7942687100427134e-11	2.04323503579131e-12	0
1.8200843553068442e-11	2.036564167803128e-12	0
1.8462185575489212e-11	2.029079953941104e-12	0
1.8726745975992584e-11	2.0207601991130084e-12	0
1.8994557786029247e-11	2.0115822757834684e-12	0
1.9265654258533672e-11	2.0015231174457786e-12	0
1.954006886614073e-11	1.9905592120402494e-12	0
1.9817835299279516e-11	1.9786665953203405e-12	0
2.0098987464141085e-11	1.965820844167912e-12	0
2.0383559480516867e-11	1.951997069859017e-12	0
2.0671585679504383e-11	1.937169911281737e-12	0
2.0963100601076893e-11	1.9213135281076744e-12	0
2.1258138991513584e-11	1.9044015939187902e-12	0
2.155673580068679e-11	1.886407289291387e-12	0
2.185892617920279e-11	1.8673032948391368e-12	0
2.21647454753926e-11	1.847061784217152e-12	0
2.2474229232149214e-11	1.825654417089211e-12	0
2.2787413183607677e-11	1.8030523320603597e-12	0
2.310433325166431e-11	1.7792261395772142e-12	0
2.342502554233145e-11	1.7541459147984227e-12	0
2.3749526341923982e-11	1.7277811904378511e-12	0
2.4077872113073895e-11	1.7001009495831827e-12	0
2.4410099490569148e-11	1.671073618492751e-12	0
2.474624527701301e-11	1.6406670593735506e-12	0
2.5086346438300092e-11	1.6088485631435044e-12	0
2.5430440098905244e-11	1.5755848421812013e-12	0
2.5778563536981444e-11	1.540842023066454e-12	0
2.6130754179262854e-11	1.5045856393151726e-12	0
2.648704959576916e-11	1.46678062411219e-12	0
2.6847487494307314e-11	1.4273913030458268e-12	0
2.7212105714766828e-11	1.3863813868481324e-12	0
2.7580942223204705e-11	1.3437139641448907e-12	0
2.795403510571616e-11	1.2993514942196427e-12	0
2.833142256208727e-11	1.2532557997961313e-12	0
2.8713142899225677e-11	1.2053880598437416e-12	0
2.909923452436553e-11	1.1557088024106723e-12	0
2.9489735938042856e-11	1.104177897489748e-12	0
2.9884685726837544e-11	1.050754549921947e-12	0
3.028412255587822e-11	9.953972923429002e-13	0
3.068808516110626e-11	9.380639781777886e-13	0
3.109661234129531e-11	8.787117746902522e-13	0
3.150974294982266e-11	8.172971560910968e-13	0
3.192751588618883e-11	7.5377589671278e-13	0
3.2349970087282e-11	6.881030642558337e-13	0
3.27771445183837e-11	6.202330131135782e-13	0
3.320907816391246e-11	5.501193777816656e-13	0
3.364581001790206e-11	4.777150663591898e-13	0
3.408737907421125e-11	4.029722541482865e-13	0
3.453382431646175e-11	3.258423773593487e-13	0
3.498518470770155e-11	2.4627612692917504e-13	0
3.5441499179790635e-11	1.6422344245956755e-13	0
3.590280662250626e-11	7.963350628409244e-14	0
3.6369145872365196e-11	-7.545262329082829e-15	0
3.684055570116041e-11	-9.736521283016515e-14	0
3.7317074804209734e-11	-1.8987946888821377e-13	0
3.779874178831436e-11	-2.8514193373061185e-13	0
3.828559515942506e-11	-3.8320729531282523e-13	0
3.877767331001422e-11	-4.841310313095448e-13	0
3.9275014506152e-11	-5.879694139181131e-13	0
3.9777656874285054e-11	-6.947795144649428e-13	0
4.028563838771652e-11	-8.046192078054394e-13	0
4.079899685278615e-11	-9.175471765077558e-13	0
4.13177698947496e-11	-1.033622914810514e-12	0
4.184199494335643e-11	-1.1529067323444495e-12	0
4.2371709218126115e-11	-1.2754597576077503e-12	0
4.2906949713322116e-11	-1.4013439411846888e-12	0
4.344775318262402e-11	-1.5306220586969723e-12	0
4.399415612349814e-11	-1.66335771347707e-12	0
4.454619476126718e-11	-1.7996153389526137e-12	0
4.5103905032880084e-11	-1.9394602007308165e-12	0
4.566732257038312e-11	-2.0829583983717007e-12	0
4.6236482684094023e-11	-2.2301768668387884e-12	0
4.6811420345480936e-11	-2.381183377615772e-12	0
4.7392170169748586e-11	-2.53604653947756e-12	0
4.797876639813422e-11	-2.694835798903968e-12	0
4.857124287991636e-11	-2.857621440124233e-12	0
4.9169633054139796e-11	-3.0244745847804117e-12	0
4.9773969931060516e-11	-3.1954671911976584e-12	0
5.038428607331489e-11	-3.370672053249287e-12	0
5.1000613576817614e-11	-3.550162798804465e-12	0
5.162298405139351e-11	-3.7340138877463435e-12	0
5.225142860114866e-11	-3.922300609548375e-12	0
5.288597780458681e-11	-4.115099080396568e-12	0
5.3526661694477416e-11	-4.312486239845409e-12	0
5.417350973748228e-11	-4.51453984699518e-12	0
5.4826550813548035e-11	-4.7213384761784614e-12	0
5.5485813195072414e-11	-4.9329615121436e-12	0
5.615132452585265e-11	-5.149489144723029e-12	0
5.682311179982483e-11	-5.371002362974379e-12	0
5.750120133960363e-11	-5.597582948782415e-12	0
5.8185618774832415e-11	-5.829313469909975e-12	0
5.887638902035406e-11	-6.066277272486191e-12	0
5.957353625421355e-11	-6.308558472920467e-12	0
6.027708389550401e-11	-6.556241949230842e-12	0
6.09870545820681e-11	-6.809413331775588e-12	0
6.170347014806763e-11	-7.068158993377117e-12	0
6.242635160143461e-11	-7.332566038827516e-12	0
6.315571910121746e-11	-7.602722293765321e-12	0
6.389159193483691e-11	-7.878716292913434e-12	0
6.463398849526651e-11	-8.160637267668402e-12	0
6.538292625815327e-11	-8.448575133031671e-12	0
6.613842175889458e-11	-8.74262047387377e-12	0
6.690049056968821e-11	-9.042864530522801e-12	0
6.766914727657245e-11	-9.34939918366908e-12	0
6.844440545647443e-11	-9.662316938578176e-12	0
6.92262776542849e-11	-9.981710908605156e-12	0
7.001477535997861e-11	-1.0307674798003334e-11	0
7.080990898579948e-11	-1.0640302884021367e-11	0
7.161168784353104e-11	-1.097968999828315e-11	0
7.24201201218723e-11	-1.1325931507445563e-11	0
7.323521286394057e-11	-1.1679123293129745e-11	0
7.40569719449224e-11	-1.2039361731122286e-11	0
7.488540204989517e-11	-1.240674366984338e-11	0
7.572050665184164e-11	-1.2781366408079739e-11	0
7.65622879898806e-11	-1.3163327671980843e-11	0
7.7410747047737e-11	-1.3552725591317836e-11	0
7.826588353247562e-11	-1.3949658675005264e-11	0
7.912769585352246e-11	-1.4354225785886637e-11	0
7.999618110199845e-11	-1.4766526114785704e-11	0
8.08713350303906e-11	-1.5186659153826218e-11	0
8.175315203258595e-11	-1.561472466902389e-11	0
8.264162512429367e-11	-1.605082267215519e-11	0
8.353674592388152e-11	-1.6495053391908612e-11	0
8.443850463365246e-11	-1.6947517244325056e-11	0
8.534689002158795e-11	-1.7408314802534928e-11	0
8.626188940358409e-11	-1.7877546765800676e-11	0
8.718348862620744e-11	-1.83553139278745e-11	0
8.811167204999696e-11	-1.884171714468205e-11	0
8.904642253333872e-11	-1.933685730134401e-11	0
8.998772141694025e-11	-1.9840835278548645e-11	0
9.093554850893085e-11	-2.0353751918289387e-11	0
9.188988207061461e-11	-2.0875707988982776e-11	0
9.285069880290244e-11	-2.1406804149983148e-11	0
9.381797383344926e-11	-2.1947140915511662e-11	0
9.479168070452235e-11	-2.249681861801834e-11	0
9.577179136162656e-11	-2.3055937370997018e-11	0
9.675827614291172e-11	-2.36245970312742e-11	0
9.775110376938704e-11	-2.420289716079402e-11	0
9.875024133596731e-11	-2.4790936987922605e-11	0
9.97556543033747e-11	-2.5388815368296293e-11	0
1.0076730649091965e-10	-2.5996630745239326e-11	0
1.0178516007018387e-10	-2.6614481109777664e-11	0
1.028091755596276e-10	-2.724246396027676e-11	0
1.0383931182014254e-10	-2.7880676261732157e-11	0
1.0487552605157154e-10	-2.8529214404742862e-11	0
1.0591777379021459e-10	-2.918817416419844e-11	0
1.0696600890734057e-10	-2.9857650657711824e-11	0
1.0802018360872272e-10	-3.0537738303830824e-11	0
1.0908024843521506e-10	-3.122853078006218e-11	0
1.1014615226438604e-10	-3.193012098074298e-11	0
1.112178423132244e-10	-3.2642600974795205e-11	0
1.122952641419313e-10	-3.33660619633997e-11	0
1.1337836165881156e-10	-3.4100594237627106e-11	0
1.144670771262755e-10	-3.4846287136063556e-11	0
1.1556135116796189e-10	-3.560322900246993e-11	0
1.1666112277699086e-10	-3.6371507143513985e-11	0
1.1776632932535474e-10	-3.715120778661525e-11	0
1.1887690657445268e-10	-3.794241603794309e-11	0
1.199927886867746e-10	-3.874521584060882e-11	0
1.2111390823873732e-10	-3.955968993309312e-11	0
1.2224019623467504e-10	-4.0385919807950355e-11	0
1.2337158212198495e-10	-4.12239856708316e-11	0
1.2450799380742624e-10	-4.207396639986848e-11	0
1.2564935767457045e-10	-4.2935939505459884e-11	0
1.2679559860239865e-10	-4.3809981090503844e-11	0
1.2794663998503964e-10	-4.469616581111668e-11	0
1.29102403752642e-10	-4.559456683788154e-11	0
1.3026281039337045e-10	-4.650525581766815e-11	0
1.3142777897651657e-10	-4.742830283606556e-11	0
1.3259722717671098e-10	-4.836377638046901e-11	0
1.3377107129922338e-10	-4.931174330386192e-11	0
1.34949226306335e-10	-5.027226878933346e-11	0
1.3613160584476615e-10	-5.124541631537141e-11	0
1.3731812227414033e-10	-5.223124762196961e-11	0
1.3850868669646467e-10	-5.322982267758851e-11	0
1.3970320898660464e-10	-5.424119964700639e-11	0
1.4090159782373004e-10	-5.526543486009822e-11	0
1.421037607237071e-10	-5.630258278157788e-11	0
1.4330960407241072e-10	-5.735269598173873e-11	0
1.4451903315992877e-10	-5.841582510822625e-11	0
1.4573195221562964e-10	-5.949201885887529e-11	0
1.469482644440625e-10	-6.05813239556435e-11	0
1.4816787206165849e-10	-6.168378511967082e-11	0
1.493906763341998e-10	-6.2799445047494e-11	0
1.5061657761502277e-10	-6.392834438844325e-11	0
1.518454753839192e-10	-6.50705217232472e-11	0
1.5307726828670005e-10	-6.622601354387026e-11	0
1.543118541753837e-10	-6.739485423460532e-11	0
1.5554913014897075e-10	-6.857707605444292e-11	0
1.5678899259476597e-10	-6.97727091207364e-11	0
1.5803133723020748e-10	-7.098178139418089e-11	0
1.592760591451624e-10	-7.220431866512229e-11	0
1.6052305284464755e-10	-7.344034454121037e-11	0
1.6177221229193335e-10	-7.468988043640877e-11	0
1.6302343095198818e-10	-7.595294556137244e-11	0
1.6427660183522052e-10	-7.722955691520156e-11	0
1.6553161754147545e-10	-7.851972927857894e-11	0
1.667883703042421e-10	-7.9823475208296e-11	0
1.6804675203502822e-10	-8.114080503317088e-11	0
1.6930665436785805e-10	-8.247172685135989e-11	0
1.7056796870384972e-10	-8.381624652906217e-11	0
1.7183058625582815e-10	-8.517436770061506e-11	0
1.7309439809293003e-10	-8.65460917699764e-11	0
1.743592951851572e-10	-8.793141791358747e-11	0
1.7562516844783527e-10	-8.933034308460928e-11	0
1.7689190878593487e-10	-9.074286201852228e-11	0
1.7815940713821269e-10	-9.21689672400786e-11	0
1.7942755452113083e-10	-9.360864907159362e-11	0
1.8069624207251316e-10	-9.50618956425623e-11	0
1.8196536109489757e-10	-9.652869290058384e-11	0
1.8323480309854493e-10	-9.800902462357702e-11	0
1.8450445984406485e-10	-9.950287243326629e-11	0
1.8577422338462062e-10	-1.010102158099181e-10	0
1.8704398610767541e-10	-1.0253103210830461e-10	0
1.8831364077624374e-10	-1.0406529657487122e-10	0
1.895830805696125e-10	-1.0561298236608245e-10	0
1.9085219912349742e-10	-1.0717406056791983e-10	0
1.921208905696016e-10	-1.08748500216504e-10	0
1.9338904957454428e-10	-1.1033626831981216e-10	0
1.946565713781287e-10	-1.1193732988046078e-10	0
1.9592335183091987e-10	-1.1355164791952258e-10	0
1.971892874311035e-10	-1.1517918350134582e-10	0
1.9845427536059945e-10	-1.168198957593429e-10	0
1.9971821352040376e-10	-1.1847374192271458e-10	0
2.009810005651351e-10	-1.2014067734407543e-10	0
2.0224253593676272e-10	-1.2182065552794502e-10	0
2.035027198974944e-10	-1.2351362816006953e-10	0
2.0476145356180404e-10	-1.2521954513753692e-10	0
2.0601863892758054e-10	-1.269383545996493e-10	0
2.0727417890638054e-10	-1.2867000295951503e-10	0
2.0852797735276928e-10	-1.3041443493632296e-10	0
2.0977993909273498e-10	-1.321715935882613e-10	0
2.1102996995116413e-10	-1.339414203460427e-10	0
2.1227797677836583e-10	-1.3572385504699777e-10	0
2.1352386747563528e-10	-1.3751883596969862e-10	0
2.147675510198477e-10	-1.3932629986907433e-10	0
2.1600893748707516e-10	-1.4114618201198022e-10	0
2.1724793807522064e-10	-1.429784162131829e-10	0
2.1848446512566457e-10	-1.4482293487172323e-10	0
2.1971843214392073e-10	-1.4667966900761987e-10	0
2.2094975381929932e-10	-1.4854854829887587e-10	0
2.221783460435767e-10	-1.5042950111875155e-10	0
2.234041259286725e-10	-1.523224545732673e-10	0
2.2462701182333558e-10	-1.5422733453889994e-10	0
2.2584692332884215e-10	-1.5614406570043762e-10	0
2.2706378131370987e-10	-1.580725715889577e-10	0
2.282775079274335e-10	-1.6001277461989376e-10	0
2.2948802661324835e-10	-1.6196459613115762e-10	0
2.3069526211992863e-10	-1.639279564212836e-10	0
2.3189914051262961e-10	-1.6590277478756251e-10	0
2.3309958918278245e-10	-1.678889695641336e-10	0
2.3429653685705235e-10	-1.6988645816000408e-10	0
2.354899136053708e-10	-1.7189515709696559e-10	0
2.366796508480545e-10	-1.739149820473789e-10	0
2.378656813620229e-10	-1.759458478717981e-10	0
2.3904793928612885e-10	-1.7798766865640695e-10	0
2.402263601256159e-10	-1.8004035775024082e-10	0
2.414008807557175e-10	-1.8210382780216824e-10	0
2.425714394244137e-10	-1.8417799079760756e-10	0
2.4373797575436117e-10	-1.8626275809495458e-10	0
2.4490043074401376e-10	-1.8835804046169853e-10	0
2.460587467679501e-10	-1.9046374811020382e-10	0
2.472128675764265e-10	-1.925797907331373e-10	0
2.483627382941727e-10	-1.947060775385201e-10	0
2.4950830541844947e-10	-1.9684251728438548e-10	0
2.506495168163861e-10	-1.989890183130244e-10	0
2.517863217216175e-10	-2.01145488584801e-10	0
2.529186707302396e-10	-2.0331183571152264e-10	0
2.5404651579610354e-10	-2.054879669893481e-10	0
2.551698102254671e-10	-2.0767378943122032e-10	0
2.5628850867102436e-10	-2.0986920979880945e-10	0
2.5740256712533306e-10	-2.1207413463395426e-10	0
2.585119429136597e-10	-2.1428847028958952e-10	0
2.596165946862626e-10	-2.1651212296014908e-10	0
2.607164824101335e-10	-2.1874499871143415e-10	0
2.6181156736021677e-10	-2.2098700350993825e-10	0
2.6290181211012744e-10	-2.2323804325161985e-10	0
2.639871805223876e-10	-2.2549802379011594e-10	0
2.650676377382009e-10	-2.277668509643893e-10	0
2.6614315016678545e-10	-2.30044430625804e-10	0
2.672136854742843e-10	-2.3233066866462381e-10	0
2.6827921257227355e-10	-2.346254710359292e-10	0
2.693397016058868e-10	-2.3692874378494925e-10	0
2.703951239415759e-10	-2.3924039307180585e-10	0
2.714454521545257e-10	-2.415603251956674e-10	0
2.7249066001574285e-10	-2.438884466183109e-10	0
2.7353072247883607e-10	-2.462246639870913e-10	0
2.745656156665062e-10	-2.4856888415731766e-10	0
2.7559531685676413e-10	-2.5092101421403673e-10	0
2.7661980446889414e-10	-2.532809614932245e-10	0
2.776390580491793e-10	-2.5564863360238707e-10	0
2.7865305825640666e-10	-2.5802393844057313e-10	0
2.7966178684716827e-10	-2.6040678421780016e-10	0
2.806652266609743e-10	-2.627970794738973e-10	0
2.816633616051942e-10	-2.6519473309676835e-10	0
2.826561766398415e-10	-2.675996543400787e-10	0
2.836436577622172e-10	-2.700117528403707e-10	0
2.8462579199142646e-10	-2.724309386336111e-10	0
2.856025673527835e-10	-2.748571221711772e-10	0
2.86573972862118e-10	-2.7729021433528563e-10	0
2.875399985099971e-10	-2.7973012645387e-10	0
2.885006352458761e-10	-2.821767703149138e-10	0
2.894558749621908e-10	-2.8463005818024436e-10	0
2.9040571047840384e-10	-2.870899027987944e-10	0
2.913501355250171e-10	-2.895562174193387e-10	0
2.92289144727562e-10	-2.9202891580271214e-10	0
2.932227335905792e-10	-2.9450791223351695e-10	0
2.9415089848159763e-10	-2.9699312153132666e-10	0
2.950736366151251e-10	-2.994844590613941e-10	0
2.9599094603665893e-10	-3.0198184074487196e-10	0
2.969028256067275e-10	-3.0448518306855297e-10	0
2.9780927498497174e-10	-3.069944030941389e-10	0
2.987102946142756e-10	-3.0950941846704614e-10	0
2.9960588570495437e-10	-3.120301474247561e-10	0
3.0049605021900887e-10	-3.145565088047192e-10	0
3.013807908544538e-10	-3.1708842205182144e-10	0
3.0226011102972765e-10	-3.196258072254209e-10	0
3.0313401486819163e-10	-3.2216858500596443e-10	0
3.040025071827243e-10	-3.247166767011921e-10	0
3.04865593460419e-10	-3.272700042519389e-10	0
3.057232798473894e-10	-3.29828490237542e-10	0
3.065755731336905e-10	-3.323920578808627e-10	0
3.0742248073835955e-10	-3.349606310529317e-10	0
3.082640106945827e-10	-3.3753413427722683e-10	0
3.091001716349925e-10	-3.4011249273359127e-10	0
3.099309727771011e-10	-3.426956322618019e-10	0
3.1075642390887285e-10	-3.4528347936479603e-10	0
3.1157653537444176e-10	-3.47875961211565e-10	0
3.1239131805997653e-10	-3.504730056397239e-10	0
3.132007833796976e-10	-3.5307454115776527e-10	0
3.140049432620493e-10	-3.55680496947006e-10	0
3.148038101360299e-10	-3.58290802863235e-10	0
3.155973969176837e-10	-3.6090538943807107e-10	0
3.16385716996756e-10	-3.6352418788003825e-10	0
3.171687842235154e-10	-3.661471300753673e-10	0
3.179466128957435e-10	-3.687741485885315e-10	0
3.187192177458962e-10	-3.7140517666252485e-10	0
3.194866139284367e-10	-3.7404014821888987e-10	0
3.2024881700734277e-10	-3.7667899785750365e-10	0
3.2100584294378917e-10	-3.793216608561296e-10	0
3.2175770808400684e-10	-3.8196807316974206e-10	0
3.225044291473196e-10	-3.846181714296319e-10	0
3.2324602321435944e-10	-3.872718929423e-10	0
3.23982507715461e-10	-3.8992917568814594e-10	0
3.247139004192358e-10	-3.9258995831995933e-10	0
3.2544021942132674e-10	-3.9525418016122036e-10	0
3.261614831333426e-10	-3.9792178120421665e-10	0
3.268777102719737e-10	-4.0059270210798314e-10	0
3.2758891984828753e-10	-4.0326688419607167e-10	0
3.282951311572047e-10	-4.0594426945415684e-10	0
3.2899636376715527e-10	-4.0862480052748435e-10	0
3.2969263750991447e-10	-4.1130842071816797e-10	0
3.303839724706174e-10	-4.1399507398234177e-10	0
3.3107038897795265e-10	-4.1668470492717313e-10	0
3.317519075945331e-10	-4.193772588077425e-10	0
3.3242854910744416e-10	-4.2207268152379575e-10	0
3.3310033451896786e-10	-4.247709196163747e-10	0
3.337672850374819e-10	-4.2747192026433145e-10	0
3.344294220685327e-10	-4.301756312807312e-10	0
3.350867672060811e-10	-4.3288200110915017e-10	0
3.357393422239201e-10	-4.355909788198719e-10	0
3.363871690672619e-10	-4.383025141059887e-10	0
3.370302698444949e-10	-4.410165572794119e-10	0
3.376686668191071e-10	-4.437330592667961e-10	0
3.3830238240177615e-10	-4.464519716053822e-10	0
3.389314391426236e-10	-4.491732464387631e-10	0
3.3955585972363175e-10	-4.518968365125774e-10	0
3.401756669512218e-10	-4.546226951701342e-10	0
3.4079088374899156e-10	-4.573507763479744e-10	0
3.414015331506107e-10	-4.6008103457137154e-10	0
3.420076382928722e-10	-4.6281342494977637e-10	0
3.4260922240889776e-10	-4.655479031722095e-10	0
3.4320630882149567e-10	-4.68284425502605e-10	0
3.4379892093666933e-10	-4.710229487751093e-10	0
3.443870822372741e-10	-4.73763430389338e-10	0
3.449708162768212e-10	-4.765058283055951e-10	0
3.4555014667342617e-10	-4.792501010400571e-10	0
3.461250971039002e-10	-4.81996207659925e-10	0
3.466956912979827e-10	-4.847441077785485e-10	0
3.4726195303271223e-10	-4.874937615505236e-10	0
3.478239061269351e-10	-4.902451296667683e-10	0
3.483815744359484e-10	-4.929981733495776e-10	0
3.489349818462762e-10	-4.957528543476619e-10	0
3.494841522705767e-10	-4.9850913493117e-10	0
3.500291096426787e-10	-5.012669778867009e-10	0
3.505698779127444e-10	-5.040263465123052e-10	0
3.5110648104255774e-10	-5.06787204612479e-10	0
3.5163894300093555e-10	-5.095495164931539e-10	0
3.521672877592596e-10	-5.123132469566827e-10	0
3.5269153928712767e-10	-5.15078361296825e-10	0
3.5321172154812174e-10	-5.178448252937347e-10	0
3.5372785849569105e-10	-5.206126052089491e-10	0
3.5423997406914827e-10	-5.233816677803848e-10	0
3.547480921897767e-10	-5.261519802173397e-10	0
3.5525223675704657e-10	-5.289235101955033e-10	0
3.5575243164493887e-10	-5.316962258519784e-10	0
3.5624870069837384e-10	-5.344700957803136e-10	0
3.5674106772974337e-10	-5.3724508902555e-10	0
3.5722955651554434e-10	-5.400211750792828e-10	0
3.5771419079311194e-10	-5.427983238747388e-10	0
3.5819499425745046e-10	-5.455765057818719e-10	0
3.5867199055815996e-10	-5.483556916024782e-10	0
3.5914520329645677e-10	-5.511358525653297e-10	0
3.5961465602228643e-10	-5.539169603213315e-10	0
3.6008037223152676e-10	-5.566989869387001e-10	0
3.6054237536327964e-10	-5.594819048981654e-10	0
3.610006887972496e-10	-5.622656870881984e-10	0
3.614553358512073e-10	-5.650503068002634e-10	0
3.619063397785366e-10	-5.678357377240971e-10	0
3.623537237658631e-10	-5.706219539430154e-10	0
3.6279751093076275e-10	-5.73408929929248e-10	0
3.6323772431954854e-10	-5.761966405393024e-10	0
3.636743869051341e-10	-5.789850610093574e-10	0
3.6410752158497205e-10	-5.817741669506876e-10	0
3.645371511790659e-10	-5.845639343451181e-10	0
3.64963298428054e-10	-5.873543395405118e-10	0
3.6538598599136316e-10	-5.901453592462888e-10	0
3.6580523644543166e-10	-5.929369705289789e-10	0
3.662210722819992e-10	-5.957291508078066e-10	0
3.666335159064625e-10	-5.985218778503115e-10	0
3.6704258963629537e-10	-6.013151297680014e-10	0
3.6744831569953134e-10	-6.04108885012042e-10	0
3.6785071623330805e-10	-6.069031223689794e-10	0
3.682498132824713e-10	-6.096978209565005e-10	0
3.6864562879823766e-10	-6.124929602192273e-10	0
3.6903818463691474e-10	-6.152885199245486e-10	0
3.694275025586769e-10	-6.180844801584871e-10	0
3.6981360422639584e-10	-6.208808213216038e-10	0
3.7019651120452437e-10	-6.236775241249389e-10	0
3.7057624495803216e-10	-6.264745695859895e-10	0
3.7095282685139246e-10	-6.29271939024725e-10	0
3.713262781476181e-10	-6.320696140596395e-10	0
3.71696620007346e-10	-6.348675766038415e-10	0
3.720638734879687e-10	-6.376658088611819e-10	0
3.7242805954281207e-10	-6.404642933224179e-10	0
3.7278919902035766e-10	-6.432630127614172e-10	0
3.731473126635087e-10	-6.460619502313974e-10	0
3.735024211088991e-10	-6.488610890612047e-10	0
3.7385454488624337e-10	-6.516604128516295e-10	0
3.7420370441772763e-10	-6.544599054717611e-10	0
3.745499200174395e-10	-6.572595510553781e-10	0
3.748932118908369e-10	-6.600593339973781e-10	0
3.752336001342534e-10	-6.628592389502448e-10	0
3.7557110473444125e-10	-6.656592508205517e-10	0
3.759057455681485e-10	-6.684593547655047e-10	0
3.7623754240173156e-10	-6.712595361895212e-10	0
3.7656651489080085e-10	-6.740597807408464e-10	0
3.7689268257989927e-10	-6.768600743082076e-10	0
3.772160649022123e-10	-6.796604030175043e-10	0
3.775366811793093e-10	-6.82460753228537e-10	0
3.7785455062091423e-10	-6.852611115317703e-10	0
3.781696923247063e-10	-6.880614647451352e-10	0
3.784821252761484e-10	-6.90861799910866e-10	0
3.787918683483434e-10	-6.936621042923741e-10	0
3.7909894030191715e-10	-6.96462365371158e-10	0
3.7940335978492744e-10	-6.992625708437488e-10	0
3.797051453327982e-10	-7.020627086186918e-10	0
3.800043153682783e-10	-7.048627668135632e-10	0
3.803008882014242e-10	-7.07662733752022e-10	0
3.805948820296053e-10	-7.104625979608973e-10	0
3.808863149375322e-10	-7.132623481673103e-10	0
3.8117520489730616e-10	-7.160619732958306e-10	0
3.8146156976849025e-10	-7.188614624656669e-10	0
3.8174542729820004e-10	-7.216608049878922e-10	0
3.820267951212149e-10	-7.24459990362702e-10	0
3.823056907601079e-10	-7.272590082767073e-10	0
3.8258213162539446e-10	-7.300578486002595e-10	0
3.8285613501569886e-10	-7.328565013848098e-10	0
3.8312771811793837e-10	-7.356549568602998e-10	0
3.833968980075237e-10	-7.384532054325867e-10	0
3.836636916485763e-10	-7.412512376808987e-10	0
3.839281158941608e-10	-7.440490443553236e-10	0
3.841901874865332e-10	-7.46846616374329e-10	0
3.844499230574031e-10	-7.496439448223136e-10	0
3.847073391282109e-10	-7.5244102094719e-10	0
3.8496245211041763e-10	-7.552378361579978e-10	0
3.852152783058091e-10	-7.580343820225485e-10	0
3.8546583390681203e-10	-7.608306502650995e-10	0
3.8571413499682266e-10	-7.636266327640586e-10	0
3.859601975505473e-10	-7.664223215497184e-10	0
3.86204037434354e-10	-7.692177088020198e-10	0
3.864456704066356e-10	-7.720127868483454e-10	0
3.8668511211818313e-10	-7.748075481613407e-10	0
3.8692237811256895e-10	-7.77601985356765e-10	0
3.871574838265405e-10	-7.803960911913696e-10	0
3.8739044459042267e-10	-7.83189858560805e-10	0
3.8762127562852956e-10	-7.85983280497555e-10	0
3.878499920595848e-10	-7.887763501688989e-10	0
3.8807660889715004e-10	-7.915690608749004e-10	0
3.8830114105006143e-10	-7.943614060464235e-10	0
3.885236033228739e-10	-7.971533792431751e-10	0
3.8874401041631216e-10	-7.999449741517738e-10	0
3.889623769277294e-10	-8.027361845838447e-10	0
3.8917871735157176e-10	-8.055270044741401e-10	0
3.8939304607985e-10	-8.083174278786851e-10	0
3.896053774026165e-10	-8.11107448972949e-10	0
3.8981572550844826e-10	-8.138970620500415e-10	0
3.9002410448493547e-10	-8.166862615189329e-10	0
3.9023052831917503e-10	-8.194750419026992e-10	0
3.904350108982692e-10	-8.222633978367911e-10	0
3.906375660098286e-10	-8.250513240673266e-10	0
3.9083820734248014e-10	-8.278388154494073e-10	0
3.910369484863784e-10	-8.306258669454578e-10	0
3.912338029337216e-10	-8.334124736235877e-10	0
3.9142878407927066e-10	-8.36198630655977e-10	0
3.9162190522087237e-10	-8.389843333172834e-10	0
3.91813179559985e-10	-8.417695769830716e-10	0
3.920026202022078e-10	-8.445543571282647e-10	0
3.921902401578125e-10	-8.473386693256175e-10	0
3.923760523422781e-10	-8.501225092442103e-10	0
3.925600695768275e-10	-8.529058726479647e-10	0
3.927423045889669e-10	-8.556887553941794e-10	0
3.9292277001302666e-10	-8.584711534320871e-10	0
3.9310147839070476e-10	-8.612530628014319e-10	0
3.9327844217161105e-10	-8.640344796310656e-10	0
3.934536737138138e-10	-8.668154001375654e-10	0
3.9362718528438716e-10	-8.695958206238697e-10	0
3.9379898905995987e-10	-8.723757374779345e-10	0
3.9396909712726523e-10	-8.751551471714074e-10	0
3.9413752148369154e-10	-8.779340462583222e-10	0
3.9430427403783384e-10	-8.8071243137381e-10	0
3.944693666100457e-10	-8.834902992328309e-10	0
3.946328109329917e-10	-8.862676466289219e-10	0
3.9479461865220043e-10	-8.890444704329637e-10	0
3.9495480132661727e-10	-8.918207675919648e-10	0
3.9511337042915765e-10	-8.945965351278631e-10	0
3.9527033734726e-10	-8.973717701363447e-10	0
3.954257133834386e-10	-9.001464697856799e-10	0
3.955795097558362e-10	-9.029206313155752e-10	0
3.957317375987763e-10	-9.056942520360426e-10	0
3.958824079633146e-10	-9.084673293262851e-10	0
3.9603153181779047e-10	-9.112398606335976e-10	0
3.9617912004837707e-10	-9.140118434722847e-10	0
3.9632518345963106e-10	-9.167832754225931e-10	0
3.9646973277504146e-10	-9.195541541296604e-10	0
3.966127786375772e-10	-9.223244773024789e-10	0
3.9675433161023394e-10	-9.250942427128737e-10	0
3.968944021765796e-10	-9.278634481944966e-10	0
3.9703300074129874e-10	-9.306320916418345e-10	0
3.971701376307355e-10	-9.334001710092313e-10	0
3.9730582309343534e-10	-9.361676843099256e-10	0
3.974400673006851e-10	-9.38934629615101e-10	0
3.975728803470518e-10	-9.417010050529513e-10	0
3.977042722509197e-10	-9.444668088077587e-10	0
3.9783425295502573e-10	-9.472320391189859e-10	0
3.9796283232699315e-10	-9.49996694280381e-10	0
3.9809002015986357e-10	-9.527607726390968e-10	0
3.9821582617262707e-10	-9.555242725948211e-10	0
3.9834026001075036e-10	-9.582871925989214e-10	0
3.9846333124670313e-10	-9.61049531153601e-10	0
3.9858504938048235e-10	-9.638112868110692e-10	0
3.987054238401345e-10	-9.665724581727213e-10	0
3.988244639822756e-10	-9.693330438883332e-10	0
3.989421790926096e-10	-9.720930426552657e-10	0
3.9905857838644395e-10	-9.74852453217682e-10	0
3.9917367100920325e-10	-9.776112743657767e-10	0
3.9928746603694074e-10	-9.803695049350154e-10	0
3.993999724768475e-10	-9.831271438053859e-10	0
3.995111992677589e-10	-9.858841899006607e-10	0
3.9962115528065937e-10	-9.886406421876708e-10	0
3.9972984931918417e-10	-9.913964996755893e-10	0
3.9983729012011904e-10	-9.941517614152263e-10	0
3.999434863538974e-10	-9.969064264983342e-10	0
4.0004844662509493e-10	-9.996604940569232e-10	0
4.0015217947292165e-10	-1.002413963262587e-09	0
4.002546933717117e-10	-1.0051668333258392e-09	0
4.0035599673141015e-10	-1.0079191034954582e-09	0
4.0045609789805773e-10	-1.0106707730578432e-09	0
4.0055500515427253e-10	-1.0134218413363795e-09	0
4.0065272671972927e-10	-1.0161723076908124e-09	0
4.0074927075163585e-10	-1.0189221715166317e-09	0
4.008446453452074e-10	-1.021671432244465e-09	0
4.0093885853413747e-10	-1.0244200893394796e-09	0
4.010319182910667e-10	-1.0271681423007938e-09	0
4.0112383252804863e-10	-1.0299155906608976e-09	0
4.012146090970129e-10	-1.0326624339850802e-09	0
4.013042557902257e-10	-1.0354086718708686e-09	0
4.0139278034074736e-10	-1.0381543039474727e-09	0
4.014801904228875e-10	-1.0408993298752396e-09	0
4.0156649365265714e-10	-1.0436437493451162e-09	0
4.01651697588218e-10	-1.0463875620781195e-09	0
4.017358097303294e-10	-1.0491307678248146e-09	0
4.0181883752279204e-10	-1.0518733663648021e-09	0
4.01900788352889e-10	-1.0546153575062108e-09	0
4.0198166955182417e-10	-1.0573567410852e-09	0
4.020614883951578e-10	-1.0600975169654695e-09	0
4.0214025210323916e-10	-1.062837685037775e-09	0
4.022179678416364e-10	-1.0655772452194527e-09	0
4.022946427215639e-10	-1.0683161974539502e-09	0
4.023702838003063e-10	-1.071054541710365e-09	0
4.024448980816402e-10	-1.0737922779829899e-09	0
4.0251849251625304e-10	-1.0765294062908645e-09	0
4.025910740021586e-10	-1.0792659266773352e-09	0
4.026626493851106e-10	-1.0820018392096197e-09	0
4.0273322545901266e-10	-1.08473714397838e-09	0
4.028028089663261e-10	-1.0874718410973009e-09	0
4.0287140659847455e-10	-1.0902059307026756e-09	0
4.0293902499624595e-10	-1.0929394129529965e-09	0
4.0300567075019174e-10	-1.0956722880285534e-09	0
4.030713504010232e-10	-1.0984045561310371e-09	0
4.031360704400052e-10	-1.1011362174831494e-09	0
4.0319983730934703e-10	-1.1038672723282192e-09	0
4.0326265740259034e-10	-1.1065977209298237e-09	0
4.0332453706499477e-10	-1.109327563571416e-09	0
4.033854825939203e-10	-1.1120568005559588e-09	0
4.034455002392072e-10	-1.1147854322055627e-09	0
4.0350459620355327e-10	-1.1175134588611306e-09	0
4.0356277664288813e-10	-1.1202408808820074e-09	0
4.036200476667449e-10	-1.1229676986456359e-09	0
4.0367641533862913e-10	-1.125693912547216e-09	0
4.037318856763853e-10	-1.1284195229993712e-09	0
4.037864646525603e-10	-1.1311445304318195e-09	0
4.0384015819476415e-10	-1.1338689352910487e-09	0
4.0389297218602855e-10	-1.1365927380399977e-09	0
4.039449124651623e-10	-1.139315939157742e-09	0
4.0399598482710437e-10	-1.1420385391391842e-09	0
4.0404619502327394e-10	-1.1447605384947495e-09	0
4.0409554876191836e-10	-1.1474819377500861e-09	0
4.0414405170845807e-10	-1.1502027374457695e-09	0
4.041917094858291e-10	-1.1529229381370117e-09	0
4.0423852767482276e-10	-1.155642540393375e-09	0
4.0428451181442326e-10	-1.1583615447984904e-09	0
4.0432966740214216e-10	-1.1610799519497802e-09	0
4.0437399989435053e-10	-1.1637977624581841e-09	0
4.044175147066087e-10	-1.1665149769478915e-09	0
4.044602172139932e-10	-1.1692315960560754e-09	0
4.0450211275142144e-10	-1.1719476204326326e-09	0
4.0454320661397366e-10	-1.1746630507399268e-09	0
4.0458350405721254e-10	-1.1773778876525363e-09	0
4.046230102975003e-10	-1.1800921318570047e-09	0
4.046617305123132e-10	-1.1828057840515968e-09	0
4.046996698405539e-10	-1.185518844946057e-09	0
4.04736833382861e-10	-1.1882313152613724e-09	0
4.0477322620191637e-10	-1.190943195729539e-09	0
4.0480885332275016e-10	-1.1936544870933325e-09	0
4.048437197330431e-10	-1.1963651901060807e-09	0
4.0487783038342675e-10	-1.1990753055314419e-09	0
4.0491119018778104e-10	-1.2017848341431851e-09	0
4.049438040235298e-10	-1.2044937767249745e-09	0
4.049756767319338e-10	-1.2072021340701566e-09	0
4.050068131183813e-10	-1.209909906981551e-09	0
4.050372179526765e-10	-1.2126170962712452e-09	0
4.050668959693257e-10	-1.2153237027603915e-09	0
4.05095851867821e-10	-1.2180297272790078e-09	0
4.051240903129219e-10	-1.2207351706657808e-09	0
4.0515161593493443e-10	-1.2234400337678737e-09	0
4.0517843332998826e-10	-1.226144317440735e-09	0
4.052045470603116e-10	-1.2288480225479123e-09	0
4.052299616545035e-10	-1.2315511499608678e-09	0
4.0525468160780454e-10	-1.2342537005587966e-09	0
4.052787113823648e-10	-1.2369556752284488e-09	0
4.053020554075101e-10	-1.2396570748639535e-09	0
4.053247180800056e-10	-1.2423579003666468e-09	0
4.0534670376431764e-10	-1.2450581526449004e-09	0
4.0536801679287346e-10	-1.2477578326139556e-09	0
4.053886614663185e-10	-1.2504569411957579e-09	0
4.0540864205377204e-10	-1.253155479318795e-09	0
4.0542796279308016e-10	-1.2558534479179372e-09	0
4.0544662789106716e-10	-1.2585508479342808e-09	0
4.054646415237849e-10	-1.2612476803149934e-09	0
4.0548200783675953e-10	-1.263943946013162e-09	0
4.054987309452371e-10	-1.2666396459876434e-09	0
4.0551481493442626e-10	-1.269334781202917e-09	0
4.055302638597396e-10	-1.2720293526289405e-09	0
4.0554508174703256e-10	-1.2747233612410062e-09	0
4.0555927259284095e-10	-1.2774168080196024e-09	0
4.0557284036461575e-10	-1.2801096939502743e-09	0
4.055857890009566e-10	-1.282802020023489e-09	0
4.0559812241184306e-10	-1.2854937872345017e-09	0
4.056098444788641e-10	-1.288184996583224e-09	0
4.056209590554456e-10	-1.290875649074095e-09	0
4.0563146996707594e-10	-1.2935657457159549e-09	0
4.0564138101152986e-10	-1.2962552875219182e-09	0
4.056506959590903e-10	-1.298944275509252e-09	0
4.0565941855276865e-10	-1.3016327106992547e-09	0
4.0566755250852276e-10	-1.3043205941171364e-09	0
4.0567510151547355e-10	-1.3070079267919025e-09	0
4.056820692361196e-10	-1.3096947097562379e-09	0
4.0568845930655003e-10	-1.3123809440463935e-09	0
4.0569427533665557e-10	-1.315066630702075e-09	0
4.056995209103379e-10	-1.317751770766334e-09	0
4.0570419958571714e-10	-1.3204363652854583e-09	0
4.057083148953379e-10	-1.3231204153088671e-09	0
4.0571187034637324e-10	-1.3258039218890065e-09	0
4.0571486942082713e-10	-1.3284868860812466e-09	0
4.0571731557573524e-10	-1.3311693089437804e-09	0
4.05719212243364e-10	-1.333851191537525e-09	0
4.057205628314079e-10	-1.3365325349260235e-09	0
4.0572137072318537e-10	-1.339213340175349e-09	0
4.057216392778328e-10	-1.3418936083540102e-09	0
4.05721371830497e-10	-1.3445733405328588e-09	0
4.057205716925262e-10	-1.3472525377849981e-09	0
4.057192421516591e-10	-1.3499312011856926e-09	0
4.057173864722129e-10	-1.3526093318122804e-09	0
4.05715007895269e-10	-1.3552869307440861e-09	0
4.0571210963885783e-10	-1.3579639990623355e-09	0
4.0570869489814177e-10	-1.3606405378500715e-09	0
4.057047668455966e-10	-1.3633165481920714e-09	0
4.0570032863119137e-10	-1.3659920311747661e-09	0
4.0569538338256704e-10	-1.3686669878861606e-09	0
4.0568993420521317e-10	-1.3713414194157547e-09	0
4.0568398418264356e-10	-1.3740153268544665e-09	0
4.056775363765701e-10	-1.3766887112945564e-09	0
4.0567059382707533e-10	-1.379361573829553e-09	0
4.056631595527834e-10	-1.3820339155541794e-09	0
4.0565523655102977e-10	-1.3847057375642812e-09	0
4.056468277980295e-10	-1.3873770409567558e-09	0
4.056379362490437e-10	-1.3900478268294833e-09	0
4.056285648385454e-10	-1.3927180962812575e-09	0
4.05618716480383e-10	-1.395387850411719e-09	0
4.0560839406794327e-10	-1.3980570903212892e-09	0
4.0559760047431233e-10	-1.4007258171111056e-09	0
4.055863385524357e-10	-1.4033940318829576e-09	0
4.0557461113527674e-10	-1.406061735739224e-09	0
4.055624210359738e-10	-1.4087289297828119e-09	0
4.0554977104799614e-10	-1.4113956151170956e-09	0
4.0553666394529856e-10	-1.4140617928458575e-09	0
4.055231024824745e-10	-1.4167274640732294e-09	0
4.055090893949082e-10	-1.4193926299036355e-09	0
4.054946273989252e-10	-1.4220572914417358e-09	0
4.0547971919194186e-10	-1.424721449792371e-09	0
4.0546436745261344e-10	-1.4273851060605078e-09	0
4.0544857484098114e-10	-1.4300482613511856e-09	0
4.0543234399861765e-10	-1.432710916769464e-09	0
4.0541567754877166e-10	-1.4353730734203714e-09	0
4.053985780965111e-10	-1.4380347324088542e-09	0
4.0538104822886504e-10	-1.4406958948397272e-09	0
4.0536309051496475e-10	-1.4433565618176246e-09	0
4.053447075061831e-10	-1.4460167344469526e-09	0
4.053259017362732e-10	-1.4486764138318417e-09	0
4.0530667572150565e-10	-1.4513356010761009e-09	0
4.052870319608046e-10	-1.4539942972831718e-09	0
4.0526697293588297e-10	-1.4566525035560845e-09	0
4.0524650111137603e-10	-1.4593102209974141e-09	0
4.052256189349744e-10	-1.4619674507092371e-09	0
4.052043288375555e-10	-1.4646241937930897e-09	0
4.0518263323331415e-10	-1.4672804513499264e-09	0
4.05160534519892e-10	-1.469936224480079e-09	0
4.0513803507850574e-10	-1.4725915142832176e-09	0
4.051151372740746e-10	-1.4752463218583105e-09	0
4.050918434553462e-10	-1.4779006483035864e-09	0
4.050681559550219e-10	-1.480554494716497e-09	0
4.0504407708988095e-10	-1.4832078621936791e-09	0
4.050196091609032e-10	-1.4858607518309195e-09	0
4.0499475445339145e-10	-1.4885131647231189e-09	0
4.049695152370922e-10	-1.4911651019642564e-09	0
4.0494389376631567e-10	-1.4938165646473566e-09	0
4.049178922800547e-10	-1.496467553864455e-09	0
4.0489151300210287e-10	-1.4991180707065657e-09	0
4.048647581411713e-10	-1.5017681162636487e-09	0
4.0483762989100464e-10	-1.5044176916245785e-09	0
4.0481013043049626e-10	-1.507066797877113e-09	0
4.0478226192380203e-10	-1.5097154361078631e-09	0
4.047540265204536e-10	-1.512363607402263e-09	0
4.0472542635547057e-10	-1.5150113128445405e-09	0
4.046964635494715e-10	-1.517658553517689e-09	0
4.0466714020878446e-10	-1.520305330503439e-09	0
4.046374584255561e-10	-1.522951644882231e-09	0
4.046074202778604e-10	-1.5255974977331874e-09	0
4.0457702782980586e-10	-1.528242890134088e-09	0
4.045462831316424e-10	-1.5308878231613421e-09	0
4.0451518821986704e-10	-1.5335322978899645e-09	0
4.0448374511732866e-10	-1.5361763153935502e-09	0
4.044519558333321e-10	-1.5388198767442501e-09	0
4.0441982236374125e-10	-1.5414629830127473e-09	0
4.043873466910813e-10	-1.5441056352682334e-09	0
4.043545307846402e-10	-1.5467478345783863e-09	0
4.04321376600569e-10	-1.5493895820093472e-09	0
4.042878860819818e-10	-1.5520308786256994e-09	0
4.0425406115905475e-10	-1.5546717254904462e-09	0
4.0421990374912374e-10	-1.5573121236649902e-09	0
4.0418541575678193e-10	-1.5599520742091132e-09	0
4.0415059907397614e-10	-1.5625915781809555e-09	0
4.041154555801025e-10	-1.5652306366369969e-09	0
4.040799871421012e-10	-1.5678692506320368e-09	0
4.0404419561455064e-10	-1.5705074212191764e-09	0
4.040080828397607e-10	-1.5731451494497994e-09	0
4.039716506478652e-10	-1.5757824363735546e-09	0
4.0393490085691375e-10	-1.5784192830383383e-09	0
4.0389783527296256e-10	-1.5810556904902773e-09	0
4.0386045569016476e-10	-1.5836916597737116e-09	0
4.0382276389085985e-10	-1.5863271919311788e-09	0
4.037847616456624e-10	-1.5889622880033977e-09	0
4.037464507135502e-10	-1.5915969490292525e-09	0
4.0370783284195135e-10	-1.5942311760457783e-09	0
4.0366890976683083e-10	-1.5968649700881458e-09	0
4.036296832127764e-10	-1.5994983321896465e-09	0
4.0359015489308367e-10	-1.602131263381679e-09	0
4.0355032650984064e-10	-1.6047637646937348e-09	0
4.0351019975401127e-10	-1.6073958371533854e-09	0
4.0346977630551857e-10	-1.610027481786269e-09	0
4.0342905783332697e-10	-1.612658699616077e-09	0
4.0338804599552393e-10	-1.6152894916645423e-09	0
4.0334674243940103e-10	-1.617919858951427e-09	0
4.0330514880153423e-10	-1.6205498024945103e-09	0
4.0326326670786355e-10	-1.623179323309577e-09	0
4.0322109777377213e-10	-1.6258084224104068e-09	0
4.031786436041645e-10	-1.6284371008087623e-09	0
4.031359057935444e-10	-1.6310653595143797e-09	0
4.0309288592609185e-10	-1.6336931995349572e-09	0
4.030495855757395e-10	-1.6363206218761456e-09	0
4.0300600630624855e-10	-1.6389476275415384e-09	0
4.029621496712839e-10	-1.6415742175326624e-09	0
4.029180172144888e-10	-1.6442003928489685e-09	0
4.0287361046955877e-10	-1.646826154487822e-09	0
4.0282893096031506e-10	-1.6494515034444952e-09	0
4.027839802007772e-10	-1.6520764407121578e-09	0
4.027387596952354e-10	-1.654700967281869e-09	0
4.02693270938322e-10	-1.6573250841425702e-09	0
4.0264751541508264e-10	-1.6599487922810763e-09	0
4.026014946010464e-10	-1.6625720926820688e-09	0
4.02555209962296e-10	-1.6651949863280888e-09	0
4.0250866295553666e-10	-1.6678174741995298e-09	0
4.0246185502816526e-10	-1.6704395572746305e-09	0
4.024147876183381e-10	-1.6730612365294688e-09	0
4.023674621550388e-10	-1.6756825129379555e-09	0
4.023198800581451e-10	-1.678303387471828e-09	0
4.022720427384956e-10	-1.6809238611006447e-09	0
4.022239515979555e-10	-1.6835439347917788e-09	0
4.0217560802948227e-10	-1.6861636095104136e-09	0
4.021270134171903e-10	-1.6887828862195367e-09	0
4.020781691364154e-10	-1.6914017658799356e-09	0
4.0202907655377877e-10	-1.6940202494501916e-09	0
4.0197973702725e-10	-1.6966383378866767e-09	0
4.0193015190621024e-10	-1.699256032143548e-09	0
4.018803225315143e-10	-1.7018733331727445e-09	0
4.018302502355525e-10	-1.7044902419239816e-09	0
4.0177993634231215e-10	-1.7071067593447486e-09	0
4.0172938216743804e-10	-1.7097228863803042e-09	0
4.0167858901829303e-10	-1.7123386239736733e-09	0
4.016275581940178e-10	-1.7149539730656433e-09	0
4.015762909855902e-10	-1.7175689345947613e-09	0
4.0152478867588413e-10	-1.720183509497331e-09	0
4.01473052539728e-10	-1.72279769870741e-09	0
4.0142108384396254e-10	-1.7254115031568058e-09	0
4.013688838474984e-10	-1.7280249237750755e-09	0
4.013164538013731e-10	-1.7306379614895219e-09	0
4.0126379494880757e-10	-1.7332506172251915e-09	0
4.0121090852526226e-10	-1.7358628919048728e-09	0
4.0115779575849287e-10	-1.7384747864490939e-09	0
4.011044578686053e-10	-1.741086301776121e-09	0
4.010508960681108e-10	-1.7436974388019572e-09	0
4.009971115619799e-10	-1.74630819844034e-09	0
4.009431055476965e-10	-1.7489185816027407e-09	0
4.0088887921531137e-10	-1.7515285891983633e-09	0
4.0083443374749507e-10	-1.7541382221341428e-09	0
4.0077977031959063e-10	-1.7567474813147448e-09	0
4.0072489009966565e-10	-1.7593563676425642e-09	0
4.0066979424856415e-10	-1.7619648820177251e-09	0
4.006144839199579e-10	-1.7645730253380799e-09	0
4.0055896026039747e-10	-1.7671807984992085e-09	0
4.0050322440936255e-10	-1.769788202394419e-09	0
4.004472774993123e-10	-1.7723952379147464e-09	0
4.003911206557351e-10	-1.775001905948953e-09	0
4.0033475499719765e-10	-1.7776082073835288e-09	0
4.0027818163539433e-10	-1.7802141431026908e-09	0
4.002214016751954e-10	-1.782819713988384e-09	0
4.001644162146954e-10	-1.7854249209202817e-09	0
4.001072263452609e-10	-1.7880297647757852e-09	0
4.00049833151578e-10	-1.7906342464300255e-09	0
3.9999223771169917e-10	-1.793238366755863e-09	0
3.9993444109709023e-10	-1.795842126623889e-09	0
3.998764443726764e-10	-1.7984455269024262e-09	0
3.998182485968885e-10	-1.8010485684575296e-09	0
3.997598548217083e-10	-1.8036512521529876e-09	0
3.9970126409271385e-10	-1.8062535788503239e-09	0
3.996424774491244e-10	-1.8088555494087976e-09	0
3.995834959238449e-10	-1.8114571646854054e-09	0
3.9952432054351013e-10	-1.8140584255348826e-09	0
3.994649523285285e-10	-1.8166593328097048e-09	0
3.994053922931256e-10	-1.8192598873600894e-09	0
3.9934564144538737e-10	-1.8218600900339975e-09	0
3.992857007873027e-10	-1.8244599416771356e-09	0
3.992255713148062e-10	-1.8270594431329572e-09	0
3.991652540178201e-10	-1.8296585952426651e-09	0
3.991047498802961e-10	-1.8322573988452133e-09	0
3.99044059880257e-10	-1.8348558547773088e-09	0
3.9898318498983765e-10	-1.8374539638734142e-09	0
3.989221261753258e-10	-1.8400517269657499e-09	0
3.988608843972028e-10	-1.8426491448842959e-09	0
3.987994606101836e-10	-1.8452462184567948e-09	0
3.987378557632568e-10	-1.847842948508754e-09	0
3.986760707997241e-10	-1.8504393358634483e-09	0
3.986141066572396e-10	-1.8530353813419222e-09	0
3.985519642678489e-10	-1.855631085762993e-09	0
3.9848964455802743e-10	-1.8582264499432527e-09	0
3.9842714844871924e-10	-1.8608214746970722e-09	0
3.9836447685537473e-10	-1.8634161608366026e-09	0
3.983016306879886e-10	-1.8660105091717795e-09	0
3.982386108511372e-10	-1.8686045205103243e-09	0
3.981754182440159e-10	-1.871198195657749e-09	0
3.981120537604758e-10	-1.873791535417358e-09	0
3.9804851828906046e-10	-1.8763845405902517e-09	0
3.979848127130422e-10	-1.87897721197533e-09	0
3.979209379104582e-10	-1.8815695503692944e-09	0
3.978568947541461e-10	-1.884161556566653e-09	0
3.9779268411177976e-10	-1.8867532313597224e-09	0
3.977283068459044e-10	-1.889344575538632e-09	0
3.9766376381397135e-10	-1.8919355898913266e-09	0
3.9759905586837305e-10	-1.89452627520357e-09	0
3.9753418385647735e-10	-1.89711663225895e-09	0
3.974691486206615e-10	-1.8997066618388794e-09	0
3.9740395099834637e-10	-1.9022963647226023e-09	0
3.973385918220298e-10	-1.904885741687196e-09	0
3.9727307191932025e-10	-1.907474793507575e-09	0
3.9720739211296957e-10	-1.9100635209564953e-09	0
3.9714155322090623e-10	-1.9126519248045577e-09	0
3.970755560562677e-10	-1.915240005820212e-09	0
3.97009401427433e-10	-1.917827764769761e-09	0
3.969430901380546e-10	-1.920415202417363e-09	0
3.968766229870906e-10	-1.923002319525038e-09	0
3.968100007688361e-10	-1.92558911685267e-09	0
3.967432242729548e-10	-1.928175595158011e-09	0
3.966762942845099e-10	-1.930761755196687e-09	0
3.966092115839954e-10	-1.9333475977221996e-09	0
3.965419769473664e-10	-1.935933123485931e-09	0
3.964745911460698e-10	-1.938518333237149e-09	0
3.9640705494707455e-10	-1.94110322772301e-09	0
3.963393691129014e-10	-1.9436878076885644e-09	0
3.9627153440165294e-10	-1.9462720738767603e-09	0
3.96203551567043e-10	-1.9488560270284464e-09	0
3.96135421358426e-10	-1.9514396678823788e-09	0
3.96067144520826e-10	-1.9540229971752237e-09	0
3.9599872179496576e-10	-1.956606015641562e-09	0
3.959301539172952e-10	-1.9591887240138946e-09	0
3.958614416200199e-10	-1.961771123022645e-09	0
3.9579258563112947e-10	-1.964353213396165e-09	0
3.9572358667442537e-10	-1.96693499586074e-09	0
3.956544454695488e-10	-1.9695164711405917e-09	0
3.955851627320084e-10	-1.9720976399578825e-09	0
3.955157391732075e-10	-1.9746785030327225e-09	0
3.9544617550047145e-10	-1.977259061083171e-09	0
3.9537647241707446e-10	-1.9798393148252432e-09	0
3.9530663062226645e-10	-1.9824192649729146e-09	0
3.952366508112997e-10	-1.984998912238124e-09	0
3.951665336754552e-10	-1.98757825733078e-09	0
3.9509627990206873e-10	-1.9901573009587644e-09	0
3.95025890174557e-10	-1.992736043827938e-09	0
3.9495536517244336e-10	-1.995314486642144e-09	0
3.9488470557138344e-10	-1.9978926301032135e-09	0
3.9481391204319066e-10	-2.00047047491097e-09	0
3.9474298525586127e-10	-2.003048021763235e-09	0
3.946719258735995e-10	-2.0056252713558306e-09	0
3.9460073455684246e-10	-2.0082022243825866e-09	0
3.9452941196228473e-10	-2.010778881535344e-09	0
3.944579587429029e-10	-2.01335524350396e-09	0
3.9438637554797976e-10	-2.015931310976313e-09	0
3.9431466302312866e-10	-2.0185070846383075e-09	0
3.942428218103172e-10	-2.0210825651738783e-09	0
3.9417085254789124e-10	-2.0236577532649966e-09	0
3.940987558705983e-10	-2.026232649591673e-09	0
3.94026532409611e-10	-2.028807254831964e-09	0
3.939541827925506e-10	-2.0313815696619766e-09	0
3.9388170764350963e-10	-2.0339555947558723e-09	0
3.938091075830751e-10	-2.0365293307858728e-09	0
3.9373638322835124e-10	-2.0391027784222648e-09	0
3.9366353519298185e-10	-2.041675938333405e-09	0
3.935905640871729e-10	-2.044248811185724e-09	0
3.935174705177148e-10	-2.046821397643733e-09	0
3.934442550880044e-10	-2.0493936983700274e-09	0
3.933709183980668e-10	-2.0519657140252925e-09	0
3.9329746104457736e-10	-2.0545374452683075e-09	0
3.932238836208831e-10	-2.0571088927559515e-09	0
3.9315018671702427e-10	-2.0596800571432084e-09	0
3.9307637091975547e-10	-2.062250939083171e-09	0
3.9300243681256694e-10	-2.0648215392270458e-09	0
3.929283849757055e-10	-2.0673918582241605e-09	0
3.928542159861953e-10	-2.069961896721966e-09	0
3.9277993041785857e-10	-2.072531655366042e-09	0
3.9270552884133614e-10	-2.075101134800104e-09	0
3.926310118241078e-10	-2.077670335666006e-09	0
3.925563799305125e-10	-2.0802392586037463e-09	0
3.924816337217683e-10	-2.0828079042514733e-09	0
3.924067737559927e-10	-2.085376273245489e-09	0
3.923318005882219e-10	-2.087944366220255e-09	0
3.9225671477043096e-10	-2.0905121838083973e-09	0
3.9218151685155293e-10	-2.093079726640712e-09	0
3.921062073774983e-10	-2.0956469953461683e-09	0
3.9203078689117437e-10	-2.098213990551916e-09	0
3.919552559325042e-10	-2.1007807128832893e-09	0
3.918796150384455e-10	-2.1033471629638112e-09	0
3.9180386474300955e-10	-2.1059133414152e-09	0
3.9172800557727995e-10	-2.108479248857373e-09	0
3.9165203806943094e-10	-2.1110448859084527e-09	0
3.91575962744746e-10	-2.11361025318477e-09	0
3.9149978012563596e-10	-2.116175351300872e-09	0
3.914234907316573e-10	-2.118740180869524e-09	0
3.9134709507953004e-10	-2.121304742501717e-09	0
3.912705936831557e-10	-2.123869036806671e-09	0
3.911939870536351e-10	-2.1264330643918415e-09	0
3.9111727569928577e-10	-2.1289968258629225e-09	0
3.910404601256598e-10	-2.1315603218238532e-09	0
3.909635408355609e-10	-2.1341235528768233e-09	0
3.9088651832906175e-10	-2.136686519622276e-09	0
3.9080939310352126e-10	-2.1392492226589153e-09	0
3.9073216565360145e-10	-2.141811662583709e-09	0
3.906548364712843e-10	-2.144373839991895e-09	0
3.9057740604588875e-10	-2.1469357554769865e-09	0
3.90499874864087e-10	-2.1494974096307754e-09	0
3.9042224340992136e-10	-2.152058803043339e-09	0
3.9034451216482053e-10	-2.154619936303044e-09	0
3.902666816076158e-10	-2.1571808099965514e-09	0
3.901887522145574e-10	-2.1597414247088228e-09	0
3.9011072445933054e-10	-2.1623017810231235e-09	0
3.900325988130713e-10	-2.164861879521029e-09	0
3.8995437574438245e-10	-2.167421720782429e-09	0
3.8987605571934925e-10	-2.1699813053855327e-09	0
3.897976392015551e-10	-2.172540633906874e-09	0
3.8971912665209693e-10	-2.175099706921315e-09	0
3.896405185296007e-10	-2.177658525002054e-09	0
3.8956181529023665e-10	-2.1802170887206273e-09	0
3.8948301738773446e-10	-2.1827753986469157e-09	0
3.8940412527339843e-10	-2.1853334553491493e-09	0
3.893251393961223e-10	-2.1878912593939117e-09	0
3.8924606020240417e-10	-2.1904488113461458e-09	0
3.891668881363614e-10	-2.1930061117691585e-09	0
3.890876236397451e-10	-2.195563161224625e-09	0
3.890082671519547e-10	-2.198119960272594e-09	0
3.8892881911005244e-10	-2.2006765094714935e-09	0
3.8884927994877783e-10	-2.203232809378134e-09	0
3.8876965010056173e-10	-2.2057888605477143e-09	0
3.8868992999554054e-10	-2.208344663533827e-09	0
3.8861012006157034e-10	-2.2109002188884624e-09	0
3.8853022072424083e-10	-2.2134555271620133e-09	0
3.884502324068891e-10	-2.21601058890328e-09	0
3.883701555306134e-10	-2.218565404659476e-09	0
3.88289990514287e-10	-2.2211199749762312e-09	0
3.882097377745715e-10	-2.2236743003975986e-09	0
3.8812939772593046e-10	-2.226228381466057e-09	0
3.8804897078064284e-10	-2.2287822187225178e-09	0
3.879684573488161e-10	-2.231335812706328e-09	0
3.8788785783839955e-10	-2.2338891639552774e-09	0
3.8780717265519743e-10	-2.2364422730056002e-09	0
3.8772640220288196e-10	-2.2389951403919824e-09	0
3.8764554688300615e-10	-2.241547766647565e-09	0
3.8756460709501677e-10	-2.2441001523039497e-09	0
3.8748358323626703e-10	-2.2466522978912033e-09	0
3.8740247570202926e-10	-2.249204203937862e-09	0
3.8732128488550755e-10	-2.2517558709709373e-09	0
3.8724001117785007e-10	-2.254307299515919e-09	0
3.871586549681617e-10	-2.2568584900967806e-09	0
3.8707721664351624e-10	-2.2594094432359857e-09	0
3.869956965889685e-10	-2.2619601594544903e-09	0
3.8691409518756683e-10	-2.264510639271748e-09	0
3.8683241282036466e-10	-2.2670608832057157e-09	0
3.86750649866433e-10	-2.2696108917728573e-09	0
3.8666880670287203e-10	-2.2721606654881483e-09	0
3.8658688370482307e-10	-2.2747102048650813e-09	0
3.8650488124548014e-10	-2.27725951041567e-09	0
3.864227996961019e-10	-2.279808582650454e-09	0
3.86340639426023e-10	-2.2823574220785027e-09	0
3.862584008026656e-10	-2.284906029207421e-09	0
3.8617608419155093e-10	-2.2874544045433538e-09	0
3.860936899563106e-10	-2.290002548590989e-09	0
3.8601121845869777e-10	-2.292550461853564e-09	0
3.8592867005859835e-10	-2.2950981448328694e-09	0
3.858460451140423e-10	-2.297645598029254e-09	0
3.8576334398121446e-10	-2.300192821941628e-09	0
3.856805670144656e-10	-2.3027398170674697e-09	0
3.8559771456632337e-10	-2.3052865839028276e-09	0
3.85514786987503e-10	-2.3078331229423266e-09	0
3.854317846269182e-10	-2.3103794346791727e-09	0
3.853487078316916e-10	-2.3129255196051554e-09	0
3.852655569471657e-10	-2.3154713782106545e-09	0
3.85182332316913e-10	-2.3180170109846435e-09	0
3.850990342827467e-10	-2.3205624184146936e-09	0
3.850156631847312e-10	-2.3231076009869794e-09	0
3.8493221936119214e-10	-2.325652559186282e-09	0
3.8484870314872677e-10	-2.3281972934959945e-09	0
3.8476511488221414e-10	-2.3307418043981254e-09	0
3.8468145489482525e-10	-2.333286092373304e-09	0
3.845977235180331e-10	-2.335830157900784e-09	0
3.8451392108162244e-10	-2.3383740014584486e-09	0
3.844300479137001e-10	-2.3409176235228137e-09	0
3.8434610434070447e-10	-2.343461024569034e-09	0
3.842620906874154e-10	-2.346004205070905e-09	0
3.84178007276964e-10	-2.34854716550087e-09	0
3.8409385443084217e-10	-2.3510899063300223e-09	0
3.840096324689122e-10	-2.3536324280281103e-09	0
3.8392534170941636e-10	-2.356174731063542e-09	0
3.838409824689863e-10	-2.358716815903389e-09	0
3.8375655506265245e-10	-2.3612586830133905e-09	0
3.8367205980385346e-10	-2.3638003328579583e-09	0
3.8358749700444523e-10	-2.3663417659001804e-09	0
3.8350286697471035e-10	-2.3688829826018253e-09	0
3.8341817002336715e-10	-2.371423983423347e-09	0
3.8333340645757876e-10	-2.3739647688238876e-09	0
3.8324857658296226e-10	-2.3765053392612835e-09	0
3.831636807035975e-10	-2.379045695192068e-09	0
3.8307871912203605e-10	-2.381585837071476e-09	0
3.8299369213931016e-10	-2.384125765353449e-09	0
3.829086000549414e-10	-2.3866654804906378e-09	0
3.8282344316694943e-10	-2.3892049829344073e-09	0
3.827382217718608e-10	-2.391744273134841e-09	0
3.8265293616471736e-10	-2.3942833515407446e-09	0
3.82567586639085e-10	-2.39682221859965e-09	0
3.824821734870621e-10	-2.3993608747578207e-09	0
3.823966969992879e-10	-2.401899320460254e-09	0
3.82311157464951e-10	-2.404437556150686e-09	0
3.822255551717977e-10	-2.406975582271596e-09	0
3.821398904061402e-10	-2.40951339926421e-09	0
3.820541634528649e-10	-2.412051007568505e-09	0
3.819683745954405e-10	-2.4145884076232125e-09	0
3.8188252411592627e-10	-2.4171255998658236e-09	0
3.8179661229497995e-10	-2.419662584732592e-09	0
3.8171063941186587e-10	-2.422199362658539e-09	0
3.816246057444629e-10	-2.4247359340774556e-09	0
3.815385115692724e-10	-2.427272299421909e-09	0
3.8145235716142595e-10	-2.4298084591232445e-09	0
3.8136614279469326e-10	-2.43234441361159e-09	0
3.8127986874149e-10	-2.434880163315861e-09	0
3.8119353527288526e-10	-2.4374157086637635e-09	0
3.811071426586096e-10	-2.4399510500817978e-09	0
3.8102069116706227e-10	-2.4424861879952625e-09	0
3.80934181065319e-10	-2.445021122828259e-09	0
3.808476126191394e-10	-2.447555855003695e-09	0
3.8076098609297456e-10	-2.450090384943288e-09	0
3.8067430174997427e-10	-2.4526247130675694e-09	0
3.805875598519946e-10	-2.455158839795889e-09	0
3.805007606596051e-10	-2.457692765546418e-09	0
3.8041390443209595e-10	-2.460226490736153e-09	0
3.803269914274855e-10	-2.4627600157809193e-09	0
3.8024002190252715e-10	-2.465293341095377e-09	0
3.801529961127167e-10	-2.467826467093021e-09	0
3.800659143122993e-10	-2.4703593941861883e-09	0
3.799787767542765e-10	-2.4728921227860598e-09	0
3.7989158369041334e-10	-2.4754246533026645e-09	0
3.798043353712451e-10	-2.4779569861448834e-09	0
3.7971703204608456e-10	-2.480489121720453e-09	0
3.796296739630285e-10	-2.4830210604359694e-09	0
3.795422613689647e-10	-2.4855528026968913e-09	0
3.794547945095787e-10	-2.4880843489075447e-09	0
3.793672736293605e-10	-2.4906156994711256e-09	0
3.792796989716113e-10	-2.493146854789704e-09	0
3.791920707784501e-10	-2.4956778152642285e-09	0
3.7910438929082025e-10	-2.498208581294528e-09	0
3.790166547484962e-10	-2.500739153279316e-09	0
3.7892886739008975e-10	-2.503269531616197e-09	0
3.7884102745305676e-10	-2.5057997167016655e-09	0
3.7875313517370355e-10	-2.5083297089311126e-09	0
3.786651907871932e-10	-2.510859508698829e-09	0
3.7857719452755183e-10	-2.5133891163980085e-09	0
3.7848914662767526e-10	-2.515918532420751e-09	0
3.78401047319335e-10	-2.5184477571580672e-09	0
3.783128968331844e-10	-2.520976790999881e-09	0
3.7822469539876526e-10	-2.523505634335034e-09	0
3.7813644324451355e-10	-2.5260342875512874e-09	0
3.7804814059776573e-10	-2.528562751035328e-09	0
3.7795978768476484e-10	-2.53109102517277e-09	0
3.7787138473066645e-10	-2.533619110348159e-09	0
3.7778293195954484e-10	-2.536147006944974e-09	0
3.776944295943987e-10	-2.5386747153456344e-09	0
3.7760587785715735e-10	-2.5412022359314993e-09	0
3.7751727696868636e-10	-2.543729569082874e-09	0
3.7742862714879363e-10	-2.546256715179012e-09	0
3.7733992861623505e-10	-2.5487836745981183e-09	0
3.7725118158872036e-10	-2.5513104477173542e-09	0
3.7716238628291887e-10	-2.553837034912839e-09	0
3.770735429144652e-10	-2.556363436559654e-09	0
3.7698465169796487e-10	-2.5588896530318472e-09	0
3.7689571284700003e-10	-2.561415684702434e-09	0
3.7680672657413505e-10	-2.5639415319434027e-09	0
3.7671769309092204e-10	-2.566467195125717e-09	0
3.766286126079063e-10	-2.56899267461932e-09	0
3.765394853346322e-10	-2.571517970793137e-09	0
3.764503114796481e-10	-2.574043084015078e-09	0
3.763610912505121e-10	-2.5765680146520426e-09	0
3.7627182485379743e-10	-2.5790927630699224e-09	0
3.7618251249509783e-10	-2.581617329633604e-09	0
3.760931543790327e-10	-2.584141714706973e-09	0
3.7600375070925263e-10	-2.5866659186529167e-09	0
3.759143016884444e-10	-2.5891899418333283e-09	0
3.7582480751833644e-10	-2.5917137846091085e-09	0
3.75735268399704e-10	-2.59423744734017e-09	0
3.756456845323741e-10	-2.5967609303854408e-09	0
3.7555605611523106e-10	-2.599284234102866e-09	0
3.7546638334622113e-10	-2.601807358849413e-09	0
3.75376666422358e-10	-2.6043303049810723e-09	0
3.7528690553972746e-10	-2.6068530728528634e-09	0
3.7519710089349275e-10	-2.6093756628188355e-09	0
3.751072526778993e-10	-2.6118980752320724e-09	0
3.750173610862797e-10	-2.6144203104446945e-09	0
3.7492742631105875e-10	-2.6169423688078626e-09	0
3.748374485437583e-10	-2.6194642506717808e-09	0
3.7474742797500194e-10	-2.621985956385699e-09	0
3.7465736479452014e-10	-2.6245074862979174e-09	0
3.7456725919115475e-10	-2.6270288407557887e-09	0
3.744771113528639e-10	-2.6295500201057207e-09	0
3.7438692146672675e-10	-2.63207102469318e-09	0
3.7429668971894815e-10	-2.6345918548626957e-09	0
3.742064162948634e-10	-2.637112510957861e-09	0
3.7411610137894285e-10	-2.639632993321337e-09	0
3.740257451547965e-10	-2.642153302294856e-09	0
3.739353478051785e-10	-2.6446734382192242e-09	0
3.738449095119921e-10	-2.6471934014343242e-09	0
3.737544304562937e-10	-2.649713192279119e-09	0
3.736639108182978e-10	-2.652232811091654e-09	0
3.7357335077738105e-10	-2.6547522582090612e-09	0
3.734827505120871e-10	-2.6572715339675605e-09	0
3.7339211020013075e-10	-2.659790638702464e-09	0
3.7330143001840255e-10	-2.6623095727481786e-09	0
3.732107101429731e-10	-2.6648283364382085e-09	0
3.7311995074909743e-10	-2.667346930105159e-09	0
3.730291520112192e-10	-2.6698653540807386e-09	0
3.729383141029751e-10	-2.6723836086957616e-09	0
3.728474371971992e-10	-2.6749016942801524e-09	0
3.7275652146592707e-10	-2.677419611162947e-09	0
3.7266556708040004e-10	-2.679937359672297e-09	0
3.7257457421106935e-10	-2.6824549401354716e-09	0
3.7248354302760046e-10	-2.6849723528788603e-09	0
3.72392473698877e-10	-2.6874895982279765e-09	0
3.723013663930051e-10	-2.6900066765074606e-09	0
3.722102212773173e-10	-2.6925235880410814e-09	0
3.7211903851837675e-10	-2.69504033315174e-09	0
3.7202781828198114e-10	-2.697556912161472e-09	0
3.719365607331669e-10	-2.700073325391452e-09	0
3.7184526603621304e-10	-2.7025895731619937e-09	0
3.717539343546451e-10	-2.705105655792554e-09	0
3.716625658512392e-10	-2.707621573601737e-09	0
3.71571160688026e-10	-2.7101373269072943e-09	0
3.7147971902629456e-10	-2.7126529160261295e-09	0
3.7138824102659614e-10	-2.7151683412743006e-09	0
3.712967268487481e-10	-2.717683602967022e-09	0
3.7120517665183777e-10	-2.720198701418668e-09	0
3.7111359059422633e-10	-2.7227136369427757e-09	0
3.7102196883355236e-10	-2.7252284098520466e-09	0
3.709303115267359e-10	-2.727743020458351e-09	0
3.70838618829982e-10	-2.730257469072728e-09	0
3.707468908987845e-10	-2.7327717560053916e-09	0
3.7065512788792966e-10	-2.7352858815657303e-09	0
3.705633299515e-10	-2.737799846062312e-09	0
3.7047149724287775e-10	-2.7403136498028845e-09	0
3.703796299147487e-10	-2.7428272930943804e-09	0
3.702877281191057e-10	-2.7453407762429185e-09	0
3.701957920072521e-10	-2.7478540995538058e-09	0
3.701038217298057e-10	-2.750367263331542e-09	0
3.7001181743670184e-10	-2.7528802678798197e-09	0
3.6991977927719733e-10	-2.7553931135015295e-09	0
3.6982770739987374e-10	-2.7579058004987605e-09	0
3.697356019526409e-10	-2.7604183291728037e-09	0
3.696434630827404e-10	-2.7629306998241554e-09	0
3.695512909367491e-10	-2.7654429127525178e-09	0
3.6945908566058245e-10	-2.7679549682568035e-09	0
3.6936684739949787e-10	-2.770466866635137e-09	0
3.6927457629809833e-10	-2.772978608184857e-09	0
3.691822725003355e-10	-2.77549019320252e-09	0
3.6908993614951313e-10	-2.778001621983902e-09	0
3.689975673882906e-10	-2.780512894824001e-09	0
3.6890516635868587e-10	-2.783024012017039e-09	0
3.68812733202079e-10	-2.7855349738564666e-09	0
3.687202680592155e-10	-2.7880457806349628e-09	0
3.6862777107020927e-10	-2.7905564326444393e-09	0
3.6853524237454607e-10	-2.793066930176042e-09	0
3.684426821110867e-10	-2.795577273520154e-09	0
3.683500904180701e-10	-2.7980874629663975e-09	0
3.6825746743311673e-10	-2.800597498803637e-09	0
3.6816481329323134e-10	-2.803107381319981e-09	0
3.6807212813480654e-10	-2.8056171108027844e-09	0
3.679794120936257e-10	-2.808126687538652e-09	0
3.6788666530486593e-10	-2.810636111813439e-09	0
3.6779388790310153e-10	-2.813145383912256e-09	0
3.6770108002230667e-10	-2.815654504119468e-09	0
3.6760824179585864e-10	-2.8181634727186996e-09	0
3.6751537335654087e-10	-2.8206722899928366e-09	0
3.6742247483654593e-10	-2.8231809562240283e-09	0
3.6732954636747845e-10	-2.825689471693689e-09	0
3.6723658808035815e-10	-2.8281978366825013e-09	0
3.6714360010562284e-10	-2.830706051470418e-09	0
3.670505825731313e-10	-2.8332141163366654e-09	0
3.6695753561216625e-10	-2.8357220315597433e-09	0
3.6686445935143723e-10	-2.8382297974174304e-09	0
3.6677135391908355e-10	-2.840737414186784e-09	0
3.6667821944267703e-10	-2.8432448821441436e-09	0
3.6658505604922507e-10	-2.845752201565133e-09	0
3.664918638651732e-10	-2.8482593727246623e-09	0
3.663986430164083e-10	-2.8507663958969304e-09	0
3.6630539362826096e-10	-2.853273271355427e-09	0
3.662121158255087e-10	-2.8557799993729353e-09	0
3.6611880973237843e-10	-2.8582865802215336e-09	0
3.660254754725494e-10	-2.8607930141725984e-09	0
3.659321131691558e-10	-2.8632993014968057e-09	0
3.6583872294478964e-10	-2.8658054424641334e-09	0
3.657453049215034e-10	-2.868311437343865e-09	0
3.6565185922081265e-10	-2.870817286404589e-09	0
3.6555838596369893e-10	-2.8733229899142036e-09	0
3.654648852706122e-10	-2.8758285481399177e-09	0
3.653713572614736e-10	-2.8783339613482533e-09	0
3.652778020556781e-10	-2.880839229805048e-09	0
3.6518421977209717e-10	-2.883344353775456e-09	0
3.650906105290812e-10	-2.8858493335239524e-09	0
3.6499697444446235e-10	-2.888354169314333e-09	0
3.649033116355569e-10	-2.890858861409718e-09	0
3.648096222191679e-10	-2.893363410072553e-09	0
3.647159063115879e-10	-2.8958678155646125e-09	0
3.646221640286011e-10	-2.8983720781470012e-09	0
3.645283954854863e-10	-2.900876198080156e-09	0
3.6443460079701894e-10	-2.9033801756238485e-09	0
3.6434078007747406e-10	-2.9058840110371862e-09	0
3.6424693344062853e-10	-2.9083877045786166e-09	0
3.6415306099976354e-10	-2.9108912565059265e-09	0
3.64059162867667e-10	-2.9133946670762465e-09	0
3.639652391566362e-10	-2.9158979365460517e-09	0
3.638712899784799e-10	-2.918401065171164e-09	0
3.6377731544452096e-10	-2.9209040532067552e-09	0
3.636833156655988e-10	-2.9234069009073474e-09	0
3.6358929075207155e-10	-2.9259096085268157e-09	0
3.634952408138186e-10	-2.9284121763183907e-09	0
3.63401165960243e-10	-2.9309146045346603e-09	0
3.6330706630027345e-10	-2.933416893427571e-09	0
3.632129419423671e-10	-2.9359190432484307e-09	0
3.631187929945116e-10	-2.938421054247911e-09	0
3.6302461956422746e-10	-2.9409229266760477e-09	0
3.629304217585703e-10	-2.943424660782245e-09	0
3.6283619968413316e-10	-2.945926256815275e-09	0
3.6274195344704885e-10	-2.948427715023282e-09	0
3.62647683152992e-10	-2.9509290356537823e-09	0
3.625533889071815e-10	-2.953430218953668e-09	0
3.624590708143827e-10	-2.9559312651692084e-09	0
3.6236472897890944e-10	-2.958432174546051e-09	0
3.6227036350462656e-10	-2.960932947329225e-09	0
3.621759744949518e-10	-2.9634335837631414e-09	0
3.6208156205285804e-10	-2.9659340840915967e-09	0
3.619871262808757e-10	-2.968434448557774e-09	0
3.6189266728109463e-10	-2.9709346774042447e-09	0
3.617981851551664e-10	-2.973434770872971e-09	0
3.617036800043062e-10	-2.975934729205307e-09	0
3.616091519292954e-10	-2.9784345526420023e-09	0
3.615146010304831e-10	-2.980934241423201e-09	0
3.6142002740778875e-10	-2.9834337957884458e-09	0
3.613254311607039e-10	-2.9859332159766797e-09	0
3.6123081238829443e-10	-2.9884325022262476e-09	0
3.6113617118920247e-10	-2.9909316547748974e-09	0
3.610415076616486e-10	-2.9934306738597827e-09	0
3.6094682190343376e-10	-2.9959295597174646e-09	0
3.608521140119414e-10	-2.9984283125839134e-09	0
3.607573840841394e-10	-3.00092693269451e-09	0
3.606626322165822e-10	-3.0034254202840486e-09	0
3.6056785850541254e-10	-3.005923775586738e-09	0
3.604730630463638e-10	-3.0084219988362033e-09	0
3.6037824593476164e-10	-3.0109200902654873e-09	0
3.6028340726552614e-10	-3.013418050107054e-09	0
3.601885471331737e-10	-3.0159158785927887e-09	0
3.6009366563181904e-10	-3.0184135759540002e-09	0
3.5999876285517705e-10	-3.020911142421423e-09	0
3.5990383889656475e-10	-3.0234085782252185e-09	0
3.5980889384890317e-10	-3.0259058835949776e-09	0
3.5971392780471934e-10	-3.0284030587597217e-09	0
3.59618940856148e-10	-3.0309001039479043e-09	0
3.595239330949336e-10	-3.0333970193874135e-09	0
3.5942890461243223e-10	-3.0358938053055736e-09	0
3.5933385549961336e-10	-3.0383904619291464e-09	0
3.592387858470617e-10	-3.0408869894843326e-09	0
3.5914369574497905e-10	-3.043383388196775e-09	0
3.590485852831862e-10	-3.0458796582915593e-09	0
3.5895345455112457e-10	-3.048375799993215e-09	0
3.5885830363785825e-10	-3.0508718135257186e-09	0
3.587631326320757e-10	-3.053367699112494e-09	0
3.5866794162209135e-10	-3.055863456976416e-09	0
3.585727306958477e-10	-3.0583590873398095e-09	0
3.5847749994091683e-10	-3.060854590424453e-09	0
3.5838224944450236e-10	-3.0633499664515803e-09	0
3.5828697929344104e-10	-3.065845215641881e-09	0
3.581916895742045e-10	-3.0683403382155026e-09	0
3.580963803729011e-10	-3.0708353343920534e-09	0
3.5800105177527764e-10	-3.073330204390602e-09	0
3.579057038667209e-10	-3.0758249484296813e-09	0
3.578103367322595e-10	-3.0783195667272877e-09	0
3.577149504565655e-10	-3.0808140595008847e-09	0
3.5761954512395626e-10	-3.0833084269674033e-09	0
3.5752412081839587e-10	-3.0858026693432446e-09	0
3.5742867762349696e-10	-3.0882967868442805e-09	0
3.573332156225223e-10	-3.0907907796858562e-09	0
3.5723773489838664e-10	-3.093284648082791e-09	0
3.57142235533658e-10	-3.0957783922493807e-09	0
3.5704671761055954e-10	-3.098272012399398e-09	0
3.569511812109712e-10	-3.100765508746096e-09	0
3.568556264164312e-10	-3.103258881502207e-09	0
3.567600533081377e-10	-3.1057521308799474e-09	0
3.566644619669504e-10	-3.1082452570910166e-09	0
3.56568852473392e-10	-3.1107382603466e-09	0
3.564732249076501e-10	-3.1132311408573695e-09	0
3.563775793495784e-10	-3.115723898833487e-09	0
3.562819158786985e-10	-3.1182165344846028e-09	0
3.5618623457420135e-10	-3.1207090480198605e-09	0
3.5609053551494884e-10	-3.1232014396478964e-09	0
3.5599481877947535e-10	-3.1256937095768417e-09	0
3.558990844459892e-10	-3.1281858580143243e-09	0
3.5580333259237427e-10	-3.1306778851674695e-09	0
3.5570756329619143e-10	-3.133169791242902e-09	0
3.5561177663468014e-10	-3.1356615764467484e-09	0
3.555159726847598e-10	-3.138153240984637e-09	0
3.554201515230315e-10	-3.1406447850617e-09	0
3.553243132257791e-10	-3.143136208882575e-09	0
3.552284578689712e-10	-3.145627512651408e-09	0
3.551325855282621e-10	-3.148118696571851e-09	0
3.550366962789936e-10	-3.1506097608470676e-09	0
3.5494079019619635e-10	-3.1531007056797327e-09	0
3.548448673545914e-10	-3.155591531272034e-09	0
3.5474892782859126e-10	-3.1580822378256734e-09	0
3.546529716923019e-10	-3.1605728255418683e-09	0
3.5455699901952363e-10	-3.163063294621354e-09	0
3.544610098837529e-10	-3.165553645264384e-09	0
3.5436500435818345e-10	-3.1680438776707327e-09	0
3.542689825157079e-10	-3.170533992039695e-09	0
3.5417294442891897e-10	-3.17302398857009e-09	0
3.54076890170111e-10	-3.175513867460261e-09	0
3.5398081981128136e-10	-3.1780036289080767e-09	0
3.538847334241315e-10	-3.180493273110934e-09	0
3.537886310800687e-10	-3.1829828002657576e-09	0
3.536925128502073e-10	-3.185472210569003e-09	0
3.535963788053699e-10	-3.187961504216657e-09	0
3.5350022901608883e-10	-3.1904506814042396e-09	0
3.534040635526076e-10	-3.1929397423268053e-09	0
3.533078824848819e-10	-3.195428687178944e-09	0
3.5321168588258126e-10	-3.1979175161547833e-09	0
3.5311547381509016e-10	-3.200406229447989e-09	0
3.5301924635150935e-10	-3.2028948272517666e-09	0
3.529230035606573e-10	-3.2053833097588632e-09	0
3.528267455110713e-10	-3.2078716771615687e-09	0
3.5273047227100887e-10	-3.210359929651717e-09	0
3.5263418390844893e-10	-3.2128480674206867e-09	0
3.525378804910932e-10	-3.2153360906594043e-09	0
3.524415620863674e-10	-3.217823999558344e-09	0
3.5234522876142253e-10	-3.220311794307529e-09	0
3.5224888058313604e-10	-3.2227994750965335e-09	0
3.521525176181132e-10	-3.2252870421144844e-09	0
3.520561399326882e-10	-3.2277744955500612e-09	0
3.519597475929257e-10	-3.230261835591499e-09	0
3.518633406646215e-10	-3.2327490624265885e-09	0
3.517669192133043e-10	-3.235236176242678e-09	0
3.516704833042366e-10	-3.2377231772266743e-09	0
3.515740330024161e-10	-3.2402100655650447e-09	0
3.514775683725767e-10	-3.2426968414438177e-09	0
3.513810894791898e-10	-3.245183505048584e-09	0
3.512845963864656e-10	-3.247670056564499e-09	0
3.511880891583541e-10	-3.2501564961762828e-09	0
3.510915678585464e-10	-3.252642824068222e-09	0
3.5099503255047567e-10	-3.2551290404241716e-09	0
3.508984832973187e-10	-3.257615145427555e-09	0
3.5080192016199664e-10	-3.260101139261367e-09	0
3.5070534320717646e-10	-3.2625870221081727e-09	0
3.506087524952719e-10	-3.2650727941501107e-09	0
3.5051214808844477e-10	-3.267558455568894e-09	0
3.504155300486059e-10	-3.2700440065458107e-09	0
3.503188984374165e-10	-3.272529447261726e-09	0
3.5022225331628893e-10	-3.2750147778970823e-09	0
3.501255947463883e-10	-3.277499998631902e-09	0
3.500289227886333e-10	-3.2799851096457867e-09	0
3.499322375036971e-10	-3.282470111117921e-09	0
3.4983553895200904e-10	-3.2849550032270717e-09	0
3.4973882719375506e-10	-3.2874397861515894e-09	0
3.4964210228887926e-10	-3.2899244600694105e-09	0
3.495453642970848e-10	-3.292409025158058e-09	0
3.49448613277835e-10	-3.2948934815946423e-09	0
3.4935184929035437e-10	-3.2973778295558624e-09	0
3.4925507239362986e-10	-3.2998620692180084e-09	0
3.4915828264641165e-10	-3.302346200756961e-09	0
3.4906148010721446e-10	-3.3048302243481942e-09	0
3.489646648343184e-10	-3.3073141401667746e-09	0
3.4886783688577015e-10	-3.3097979483873647e-09	0
3.4877099631938395e-10	-3.3122816491842227e-09	0
3.4867414319274266e-10	-3.3147652427312044e-09	0
3.4857727756319874e-10	-3.3172487292017635e-09	0
3.484803994878753e-10	-3.319732108768954e-09	0
3.483835090236672e-10	-3.3222153816054304e-09	0
3.4828660622724193e-10	-3.3246985478834494e-09	0
3.4818969115504076e-10	-3.32718160777487e-09	0
3.4809276386327956e-10	-3.3296645614511568e-09	0
3.4799582440795e-10	-3.332147409083379e-09	0
3.4789887284482037e-10	-3.3346301508422127e-09	0
3.4780190922943675e-10	-3.3371127868979413e-09	0
3.4770493361712386e-10	-3.3395953174204577e-09	0
3.4760794606298607e-10	-3.3420777425792645e-09	0
3.4751094662190844e-10	-3.3445600625434755e-09	0
3.474139353485575e-10	-3.3470422774818164e-09	0
3.473169122973825e-10	-3.3495243875626273e-09	0
3.472198775226162e-10	-3.3520063929538617e-09	0
3.471228310782757e-10	-3.3544882938230895e-09	0
3.4702577301816375e-10	-3.356970090337497e-09	0
3.4692870339586935e-10	-3.3594517826638885e-09	0
3.4683162226476883e-10	-3.361933370968687e-09	0
3.4673452967802684e-10	-3.364414855417936e-09	0
3.4663742568859716e-10	-3.3668962361773e-09	0
3.465403103492238e-10	-3.369377513412066e-09	0
3.4644318371244164e-10	-3.3718586872871434e-09	0
3.463460458305777e-10	-3.3743397579670675e-09	0
3.462488967557517e-10	-3.3768207256159983e-09	0
3.461517365398774e-10	-3.379301590397722e-09	0
3.460545652346629e-10	-3.3817823524756533e-09	0
3.459573828916122e-10	-3.3842630120128357e-09	0
3.458601895620257e-10	-3.3867435691719416e-09	0
3.4576298529700107e-10	-3.3892240241152754e-09	0
3.456657701474344e-10	-3.3917043770047726e-09	0
3.4556854416402073e-10	-3.3941846280020024e-09	0
3.454713073972553e-10	-3.3966647772681673e-09	0
3.453740598974342e-10	-3.3991448249641055e-09	0
3.452768017146553e-10	-3.4016247712502914e-09	0
3.4517953289881896e-10	-3.404104616286836e-09	0
3.4508225349962923e-10	-3.4065843602334895e-09	0
3.449849635665944e-10	-3.4090640032496405e-09	0
3.44887663149028e-10	-3.4115435454943185e-09	0
3.447903522960496e-10	-3.4140229871261943e-09	0
3.4469303105658564e-10	-3.4165023283035805e-09	0
3.445956994793703e-10	-3.4189815691844337e-09	0
3.4449835761294637e-10	-3.421460709926355e-09	0
3.4440100550566595e-10	-3.42393975068659e-09	0
3.443036432056915e-10	-3.4264186916220325e-09	0
3.4420627076099637e-10	-3.428897532889222e-09	0
3.441088882193659e-10	-3.4313762746443473e-09	0
3.440114956283981e-10	-3.4338549170432467e-09	0
3.4391409303550446e-10	-3.436333460241409e-09	0
3.4381668048791073e-10	-3.4388119043939737e-09	0
3.437192580326578e-10	-3.4412902496557335e-09	0
3.436218257166025e-10	-3.443768496181135e-09	0
3.435243835864183e-10	-3.446246644124278e-09	0
3.434269316885962e-10	-3.448724693638918e-09	0
3.4332947006944554e-10	-3.451202644878468e-09	0
3.432319987750946e-10	-3.4536804979959976e-09	0
3.4313451785149153e-10	-3.456158253144234e-09	0
3.430370273444052e-10	-3.458635910475565e-09	0
3.4293952729942573e-10	-3.461113470142038e-09	0
3.428420177619656e-10	-3.4635909322953615e-09	0
3.4274449877725995e-10	-3.466068297086907e-09	0
3.426469703903679e-10	-3.4685455646677083e-09	0
3.425494326461727e-10	-3.4710227351884638e-09	0
3.4245188558938316e-10	-3.473499808799536e-09	0
3.4235432926453373e-10	-3.4759767856509554e-09	0
3.4225676371598566e-10	-3.4784536658924177e-09	0
3.421591889879277e-10	-3.480930449673287e-09	0
3.4206160512437676e-10	-3.4834071371425957e-09	0
3.4196401216917854e-10	-3.4858837284490473e-09	0
3.4186641016600854e-10	-3.488360223741015e-09	0
3.417687991583726e-10	-3.490836623166544e-09	0
3.416711791896076e-10	-3.4933129268733514e-09	0
3.415735503028823e-10	-3.4957891350088285e-09	0
3.4147591254119797e-10	-3.4982652477200407e-09	0
3.413782659473891e-10	-3.500741265153729e-09	0
3.4128061056412427e-10	-3.5032171874563095e-09	0
3.4118294643390657e-10	-3.5056930147738774e-09	0
3.410852735990746e-10	-3.508168747252204e-09	0
3.4098759210180296e-10	-3.5106443850367407e-09	0
3.408899019841031e-10	-3.513119928272618e-09	0
3.4079220328782383e-10	-3.515595377104648e-09	0
3.4069449605465224e-10	-3.5180707316773235e-09	0
3.4059678032611417e-10	-3.5205459921348203e-09	0
3.40499056143575e-10	-3.5230211586209976e-09	0
3.404013235482405e-10	-3.525496231279399e-09	0
3.4030358258115706e-10	-3.527971210253253e-09	0
3.402058332832128e-10	-3.5304460956854743e-09	0
3.4010807569513806e-10	-3.5329208877186643e-09	0
3.400103098575061e-10	-3.5353955864951125e-09	0
3.3991253581073367e-10	-3.537870192156797e-09	0
3.3981475359508183e-10	-3.5403447048453854e-09	0
3.3971696325065654e-10	-3.5428191247022358e-09	0
3.396191648174092e-10	-3.5452934518683972e-09	0
3.395213583351375e-10	-3.5477676864846117e-09	0
3.39423543843486e-10	-3.550241828691313e-09	0
3.393257213819467e-10	-3.55271587862863e-09	0
3.392278909898597e-10	-3.5551898364363853e-09	0
3.391300527064139e-10	-3.557663702254097e-09	0
3.390322065706477e-10	-3.5601374762209807e-09	0
3.3893435262144954e-10	-3.5626111584759484e-09	0
3.388364908975584e-10	-3.56508474915761e-09	0
3.3873862143756465e-10	-3.567558248404275e-09	0
3.386407442799106e-10	-3.5700316563539515e-09	0
3.38542859462891e-10	-3.5725049731443495e-09	0
3.38444967024654e-10	-3.5749781989128798e-09	0
3.383470670032014e-10	-3.5774513337966554e-09	0
3.3824915943638935e-10	-3.579924377932492e-09	0
3.381512443619291e-10	-3.58239733145691e-09	0
3.3805332181738745e-10	-3.5848701945061343e-09	0
3.379553918401875e-10	-3.5873429672160942e-09	0
3.378574544676091e-10	-3.589815649722427e-09	0
3.377595097367895e-10	-3.5922882421604756e-09	0
3.376615576847241e-10	-3.594760744665292e-09	0
3.3756359834826686e-10	-3.5972331573716365e-09	0
3.3746563176413083e-10	-3.599705480413979e-09	0
3.3736765796888894e-10	-3.6021777139264994e-09	0
3.372696769989745e-10	-3.604649858043089e-09	0
3.371716888906818e-10	-3.607121912897351e-09	0
3.3707369368016656e-10	-3.6095938786226017e-09	0
3.3697569140344673e-10	-3.6120657553518704e-09	0
3.3687768209640286e-10	-3.6145375432179005e-09	0
3.3677966579477877e-10	-3.6170092423531514e-09	0
3.3668164253418215e-10	-3.6194808528897975e-09	0
3.3658361235008505e-10	-3.6219523749597306e-09	0
3.3648557527782446e-10	-3.624423808694559e-09	0
3.363875313526029e-10	-3.6268951542256096e-09	0
3.36289480609489e-10	-3.629366411683929e-09	0
3.3619142308341796e-10	-3.631837581200282e-09	0
3.360933588091922e-10	-3.6343086629051558e-09	0
3.3599528782148175e-10	-3.636779656928757e-09	0
3.3589721015482513e-10	-3.6392505634010154e-09	0
3.357991258436295e-10	-3.6417213824515835e-09	0
3.357010349221715e-10	-3.6441921142098366e-09	0
3.3560293742459764e-10	-3.646662758804875e-09	0
3.355048333849248e-10	-3.649133316365524e-09	0
3.3540672283704096e-10	-3.6516037870203344e-09	0
3.353086058147055e-10	-3.6540741708975833e-09	0
3.352104823515499e-10	-3.656544468125276e-09	0
3.3511235248107817e-10	-3.659014678831145e-09	0
3.3501421623666746e-10	-3.661484803142652e-09	0
3.349160736515685e-10	-3.6639548411869876e-09	0
3.3481792475890616e-10	-3.6664247930910737e-09	0
3.3471976959168e-10	-3.6688946589815622e-09	0
3.3462160818276465e-10	-3.671364438984837e-09	0
3.345234405649105e-10	-3.6738341332270147e-09	0
3.3442526677074414e-10	-3.6763037418339445e-09	0
3.3432708683276885e-10	-3.67877326493121e-09	0
3.34228900783365e-10	-3.681242702644129e-09	0
3.341307086547909e-10	-3.683712055097755e-09	0
3.340325104791828e-10	-3.6861813224168773e-09	0
3.3393430628855585e-10	-3.688650504726022e-09	0
3.338360961148043e-10	-3.691119602149452e-09	0
3.3373787998970227e-10	-3.693588614811169e-09	0
3.336396579449038e-10	-3.6960575428349146e-09	0
3.3354143001194385e-10	-3.698526386344168e-09	0
3.334431962222384e-10	-3.70099514546215e-09	0
3.3334495660708517e-10	-3.7034638203118215e-09	0
3.33246711197664e-10	-3.7059324110158858e-09	0
3.331484600250373e-10	-3.708400917696788e-09	0
3.330502031201506e-10	-3.710869340476717e-09	0
3.3295194051383305e-10	-3.7133376794776043e-09	0
3.3285367223679776e-10	-3.715805934821127e-09	0
3.3275539831964243e-10	-3.718274106628707e-09	0
3.3265711879284974e-10	-3.7207421950215113e-09	0
3.3255883368678783e-10	-3.723210200120454e-09	0
3.3246054303171066e-10	-3.725678122046197e-09	0
3.3236224685775873e-10	-3.728145960919149e-09	0
3.322639451949593e-10	-3.730613716859466e-09	0
3.3216563807322687e-10	-3.733081389987057e-09	0
3.320673255223639e-10	-3.7355489804215776e-09	0
3.3196900757206084e-10	-3.7380164882824345e-09	0
3.31870684251897e-10	-3.7404839136887864e-09	0
3.3177235559134064e-10	-3.742951256759544e-09	0
3.316740216197498e-10	-3.745418517613369e-09	0
3.315756823663723e-10	-3.7478856963686794e-09	0
3.314773378603466e-10	-3.750352793143643e-09	0
3.31378988130702e-10	-3.752819808056184e-09	0
3.3128063320635914e-10	-3.755286741223983e-09	0
3.3118227311613047e-10	-3.757753592764475e-09	0
3.310839078887206e-10	-3.7602203627948506e-09	0
3.3098553755272686e-10	-3.76268705143206e-09	0
3.308871621366397e-10	-3.765153658792808e-09	0
3.3078878166884293e-10	-3.7676201849935606e-09	0
3.3069039617761446e-10	-3.770086630150542e-09	0
3.3059200569112655e-10	-3.772552994379735e-09	0
3.3049361023744624e-10	-3.7750192777968844e-09	0
3.303952098445358e-10	-3.777485480517494e-09	0
3.3029680454025304e-10	-3.779951602656831e-09	0
3.30198394352352e-10	-3.7824176443299246e-09	0
3.3009997930848315e-10	-3.784883605651566e-09	0
3.300015594361938e-10	-3.7873494867363094e-09	0
3.299031347629286e-10	-3.7898152876984745e-09	0
3.2980470531602995e-10	-3.792281008652145e-09	0
3.297062711227383e-10	-3.7947466497111706e-09	0
3.2960783221019275e-10	-3.797212210989165e-09	0
3.2950938860543124e-10	-3.799677692599512e-09	0
3.2941094033539114e-10	-3.802143094655359e-09	0
3.2931248742690954e-10	-3.804608417269622e-09	0
3.2921402990672366e-10	-3.807073660554988e-09	0
3.2911556780147135e-10	-3.80953882462391e-09	0
3.290171011376913e-10	-3.812003909588611e-09	0
3.2891862994182365e-10	-3.814468915561086e-09	0
3.288201542402102e-10	-3.816933842653101e-09	0
3.2872167405909487e-10	-3.81939869097619e-09	0
3.2862318942462417e-10	-3.821863460641663e-09	0
3.285247003628475e-10	-3.8243281517606e-09	0
3.2842620689971755e-10	-3.826792764443855e-09	0
3.2832770906109063e-10	-3.829257298802057e-09	0
3.282292068727272e-10	-3.8317217549456085e-09	0
3.281307003602921e-10	-3.834186132984687e-09	0
3.2803218954935504e-10	-3.836650433029244e-09	0
3.279336744653909e-10	-3.839114655189011e-09	0
3.278351551337802e-10	-3.841578799573494e-09	0
3.277366315798093e-10	-3.844042866291975e-09	0
3.2763810382867095e-10	-3.846506855453516e-09	0
3.2753957190546465e-10	-3.848970767166957e-09	0
3.274410358351969e-10	-3.851434601540918e-09	0
3.273424956427816e-10	-3.853898358683796e-09	0
3.2724395135304054e-10	-3.856362038703771e-09	0
3.2714540299070365e-10	-3.858825641708803e-09	0
3.270468505804093e-10	-3.861289167806633e-09	0
3.2694829414670493e-10	-3.863752617104784e-09	0
3.2684973371404705e-10	-3.866215989710561e-09	0
3.2675116930680194e-10	-3.868679285731054e-09	0
3.266526009492457e-10	-3.871142505273136e-09	0
3.265540286655648e-10	-3.8736056484434625e-09	0
3.264554524798565e-10	-3.876068715348475e-09	0
