500.0	0.0	0
499.09999999999997	-0.3	0
498.19999999999993	-0.6	0
497.29999999999984	-0.8999999999999999	0
496.39999999999975	-1.1999999999999997	0
495.4999999999996	-1.4999999999999996	0
494.59999999999945	-1.7999999999999994	0
493.69999999999925	-2.0999999999999988	0
492.79999999999905	-2.399999999999998	0
491.8999999999988	-2.6999999999999975	0
490.9999999999985	-2.9999999999999964	0
490.0999999999982	-3.2999999999999954	0
489.1999999999979	-3.5999999999999943	0
488.2999999999975	-3.899999999999993	0
487.39999999999714	-4.199999999999991	0
486.4999999999967	-4.499999999999989	0
485.59999999999627	-4.799999999999987	0
484.6999999999958	-5.0999999999999845	0
483.7999999999953	-5.399999999999982	0
482.89999999999475	-5.699999999999979	0
481.9999999999942	-5.999999999999975	0
481.0999999999936	-6.299999999999971	0
480.199999999993	-6.599999999999968	0
479.29999999999234	-6.899999999999963	0
478.3999999999917	-7.199999999999958	0
477.49999999999096	-7.499999999999953	0
476.59999999999025	-7.799999999999947	0
475.6999999999895	-8.099999999999941	0
474.7999999999887	-8.399999999999935	0
473.89999999998787	-8.699999999999926	0
472.99999999998704	-8.999999999999918	0
472.09999999998615	-9.29999999999991	0
471.1999999999852	-9.5999999999999	0
470.29999999998427	-9.89999999999989	0
469.39999999998327	-10.19999999999988	0
468.49999999998226	-10.499999999999869	0
467.5999999999812	-10.799999999999857	0
466.69999999998015	-11.099999999999845	0
465.79999999997904	-11.399999999999832	0
464.8999999999779	-11.699999999999818	0
463.99999999997675	-11.999999999999803	0
463.0999999999755	-12.299999999999788	0
462.1999999999743	-12.59999999999977	0
461.299999999973	-12.899999999999753	0
460.3999999999717	-13.199999999999735	0
459.4999999999704	-13.499999999999716	0
458.59999999996904	-13.799999999999695	0
457.69999999996764	-14.099999999999675	0
456.79999999996625	-14.399999999999652	0
455.8999999999648	-14.699999999999628	0
454.9999999999633	-14.999999999999604	0
454.09999999996177	-15.299999999999578	0
453.1999999999602	-15.599999999999552	0
452.29999999995863	-15.899999999999524	0
451.399999999957	-16.199999999999495	0
450.4999999999553	-16.499999999999464	0
449.59999999995364	-16.799999999999432	0
448.6999999999519	-17.0999999999994	0
447.79999999995016	-17.399999999999366	0
446.89999999994836	-17.69999999999933	0
445.9999999999465	-17.999999999999293	0
445.09999999994466	-18.299999999999255	0
444.19999999994275	-18.599999999999216	0
443.29999999994084	-18.899999999999174	0
442.39999999993887	-19.199999999999132	0
441.49999999993685	-19.499999999999087	0
440.5999999999348	-19.79999999999904	0
439.69999999993274	-20.099999999998996	0
438.79999999993066	-20.399999999998947	0
437.8999999999285	-20.699999999998898	0
436.99999999992633	-20.999999999998845	0
436.09999999992414	-21.299999999998793	0
435.1999999999219	-21.599999999998737	0
434.2999999999196	-21.89999999999868	0
433.39999999991727	-22.19999999999862	0
432.4999999999149	-22.49999999999856	0
431.5999999999125	-22.799999999998498	0
430.69999999991006	-23.099999999998435	0
429.7999999999076	-23.399999999998368	0
428.89999999990505	-23.699999999998298	0
427.9999999999025	-23.999999999998227	0
427.0999999998999	-24.299999999998153	0
426.19999999989733	-24.59999999999808	0
425.2999999998947	-24.899999999998002	0
424.399999999892	-25.19999999999792	0
423.49999999988927	-25.49999999999784	0
422.5999999998865	-25.799999999997755	0
421.6999999998837	-26.099999999997667	0
420.79999999988087	-26.39999999999758	0
419.899999999878	-26.699999999997488	0
418.99999999987506	-26.999999999997392	0
418.09999999987207	-27.299999999997297	0
417.1999999998691	-27.5999999999972	0
416.29999999986603	-27.899999999997096	0
415.3999999998629	-28.19999999999699	0
414.4999999998598	-28.499999999996884	0
413.59999999985666	-28.799999999996775	0
412.69999999985345	-29.099999999996662	0
411.79999999985023	-29.399999999996545	0
410.89999999984695	-29.69999999999643	0
409.9999999998436	-29.99999999999631	0
409.09999999984024	-30.299999999996185	0
408.19999999983685	-30.599999999996058	0
407.2999999998334	-30.899999999995927	0
406.3999999998299	-31.199999999995793	0
405.4999999998264	-31.499999999995655	0
404.59999999982284	-31.799999999995514	0
403.6999999998192	-32.09999999999537	0
402.79999999981555	-32.399999999995224	0
401.8999999998119	-32.69999999999507	0
400.99999999980815	-32.99999999999492	0
400.09999999980437	-33.29999999999476	0
399.1999999998005	-33.5999999999946	0
398.2999999997967	-33.899999999994435	0
397.3999999997928	-34.19999999999427	0
396.4999999997888	-34.499999999994095	0
395.5999999997848	-34.79999999999392	0
394.6999999997808	-35.09999999999374	0
393.79999999977673	-35.39999999999356	0
392.8999999997726	-35.69999999999337	0
391.9999999997684	-35.999999999993186	0
391.09999999976424	-36.29999999999299	0
390.19999999976	-36.59999999999279	0
389.2999999997557	-36.89999999999259	0
388.39999999975134	-37.19999999999238	0
387.49999999974693	-37.49999999999217	0
386.5999999997425	-37.799999999991954	0
385.69999999973805	-38.09999999999173	0
384.79999999973353	-38.39999999999151	0
383.89999999972895	-38.69999999999128	0
382.9999999997243	-38.99999999999104	0
382.09999999971967	-39.2999999999908	0
381.199999999715	-39.59999999999056	0
380.2999999997102	-39.89999999999031	0
379.3999999997054	-40.199999999990055	0
378.49999999970055	-40.4999999999898	0
377.5999999996957	-40.79999999998953	0
376.69999999969076	-41.099999999989265	0
375.7999999996858	-41.39999999998899	0
374.89999999968074	-41.69999999998871	0
373.99999999967565	-41.999999999988425	0
373.0999999996705	-42.29999999998814	0
372.1999999996653	-42.599999999987844	0
371.2999999996601	-42.89999999998754	0
370.3999999996548	-43.199999999987234	0
369.4999999996495	-43.499999999986926	0
368.5999999996441	-43.79999999998661	0
367.6999999996387	-44.09999999998629	0
366.7999999996332	-44.39999999998596	0
365.89999999962765	-44.69999999998562	0
364.9999999996221	-44.99999999998528	0
364.0999999996165	-45.29999999998493	0
363.19999999961084	-45.599999999984576	0
362.2999999996051	-45.89999999998422	0
361.39999999959934	-46.19999999998385	0
360.4999999995935	-46.49999999998348	0
359.5999999995876	-46.7999999999831	0
358.6999999995817	-47.099999999982714	0
357.7999999995757	-47.39999999998232	0
356.8999999995696	-47.69999999998192	0
355.9999999995635	-47.99999999998151	0
355.0999999995574	-48.2999999999811	0
354.1999999995512	-48.599999999980675	0
353.299999999545	-48.899999999980245	0
352.3999999995387	-49.19999999997981	0
351.49999999953235	-49.499999999979366	0
350.59999999952595	-49.799999999978915	0
349.6999999995195	-50.09999999997846	0
348.799999999513	-50.39999999997799	0
347.8999999995064	-50.699999999977514	0
346.9999999994998	-50.99999999997703	0
346.0999999994931	-51.299999999976535	0
345.19999999948635	-51.599999999976035	0
344.29999999947955	-51.89999999997553	0
343.3999999994727	-52.19999999997501	0
342.4999999994658	-52.499999999974484	0
341.5999999994588	-52.79999999997395	0
340.6999999994518	-53.099999999973406	0
339.7999999994447	-53.399999999972856	0
338.89999999943757	-53.69999999997229	0
337.9999999994304	-53.99999999997172	0
337.0999999994231	-54.29999999997114	0
336.1999999994158	-54.59999999997056	0
335.29999999940844	-54.89999999996996	0
334.399999999401	-55.19999999996935	0
333.49999999939354	-55.49999999996873	0
332.599999999386	-55.7999999999681	0
331.6999999993784	-56.099999999967466	0
330.79999999937075	-56.399999999966816	0
329.89999999936305	-56.69999999996616	0
328.9999999993553	-56.99999999996549	0
328.09999999934746	-57.29999999996481	0
327.1999999993396	-57.59999999996412	0
326.29999999933165	-57.89999999996342	0
325.3999999993236	-58.19999999996271	0
324.4999999993155	-58.499999999961986	0
323.59999999930733	-58.79999999996125	0
322.6999999992991	-59.09999999996051	0
321.79999999929083	-59.39999999995975	0
320.8999999992825	-59.69999999995898	0
319.9999999992741	-59.999999999958206	0
319.09999999926566	-60.299999999957414	0
318.19999999925716	-60.59999999995661	0
317.29999999924854	-60.899999999955796	0
316.39999999923987	-61.19999999995497	0
315.49999999923114	-61.49999999995413	0
314.59999999922235	-61.79999999995327	0
313.6999999992135	-62.0999999999524	0
312.7999999992046	-62.399999999951525	0
311.89999999919564	-62.699999999950634	0
310.99999999918657	-62.99999999994973	0
310.09999999917744	-63.29999999994881	0
309.19999999916826	-63.599999999947876	0
308.299999999159	-63.89999999994693	0
307.3999999991497	-64.19999999994597	0
306.4999999991403	-64.499999999945	0
305.59999999913083	-64.79999999994402	0
304.6999999991213	-65.09999999994301	0
303.7999999991117	-65.39999999994198	0
302.8999999991021	-65.69999999994094	0
301.9999999990923	-65.99999999993989	0
301.0999999990825	-66.29999999993882	0
300.19999999907265	-66.59999999993774	0
299.2999999990627	-66.89999999993664	0
298.3999999990527	-67.19999999993553	0
297.4999999990426	-67.4999999999344	0
296.59999999903243	-67.79999999993326	0
295.6999999990222	-68.0999999999321	0
294.7999999990119	-68.39999999993091	0
293.8999999990015	-68.69999999992972	0
292.9999999989911	-68.9999999999285	0
292.0999999989806	-69.29999999992728	0
291.19999999897	-69.59999999992603	0
290.2999999989593	-69.89999999992476	0
289.3999999989486	-70.19999999992348	0
288.49999999893777	-70.49999999992218	0
287.5999999989269	-70.79999999992086	0
286.6999999989159	-71.09999999991952	0
285.79999999890487	-71.39999999991817	0
284.89999999889375	-71.69999999991678	0
283.9999999988826	-71.99999999991539	0
283.0999999988713	-72.29999999991398	0
282.19999999885994	-72.59999999991254	0
281.2999999988485	-72.89999999991109	0
280.39999999883696	-73.19999999990961	0
279.4999999988254	-73.49999999990811	0
278.5999999988137	-73.79999999990659	0
277.69999999880196	-74.09999999990505	0
276.7999999987901	-74.39999999990349	0
275.8999999987782	-74.6999999999019	0
274.9999999987662	-74.9999999999003	0
274.09999999875413	-75.29999999989867	0
273.199999998742	-75.59999999989702	0
272.29999999872973	-75.89999999989536	0
271.3999999987174	-76.19999999989366	0
270.499999998705	-76.49999999989194	0
269.5999999986925	-76.7999999998902	0
268.6999999986799	-77.09999999988844	0
267.79999999866726	-77.39999999988665	0
266.89999999865455	-77.69999999988484	0
265.9999999986417	-77.999999999883	0
265.09999999862885	-78.29999999988114	0
264.19999999861585	-78.59999999987924	0
263.29999999860274	-78.89999999987732	0
262.3999999985896	-79.19999999987539	0
261.4999999985763	-79.49999999987342	0
260.59999999856296	-79.79999999987143	0
259.6999999985495	-80.09999999986941	0
258.799999998536	-80.39999999986736	0
257.8999999985224	-80.69999999986528	0
256.9999999985087	-80.99999999986318	0
256.0999999984949	-81.29999999986104	0
255.19999999848105	-81.59999999985888	0
254.2999999984671	-81.89999999985669	0
253.399999998453	-82.19999999985447	0
252.49999999843885	-82.49999999985222	0
251.5999999984246	-82.79999999984994	0
250.69999999841028	-83.09999999984764	0
249.79999999839583	-83.39999999984529	0
248.8999999983813	-83.69999999984292	0
247.9999999983667	-83.99999999984051	0
247.099999998352	-84.29999999983808	0
246.19999999833718	-84.5999999998356	0
245.29999999832228	-84.8999999998331	0
244.39999999830727	-85.19999999983057	0
243.49999999829217	-85.49999999982799	0
242.59999999827699	-85.79999999982539	0
241.6999999982617	-86.09999999982276	0
240.7999999982463	-86.39999999982008	0
239.8999999982308	-86.69999999981738	0
238.99999999821523	-86.99999999981463	0
238.09999999819954	-87.29999999981186	0
237.19999999818376	-87.59999999980904	0
236.29999999816786	-87.89999999980618	0
235.39999999815188	-88.1999999998033	0
234.4999999981358	-88.49999999980037	0
233.5999999981196	-88.7999999997974	0
232.69999999810332	-89.09999999979439	0
231.79999999808692	-89.39999999979135	0
230.89999999807043	-89.69999999978826	0
229.99999999805382	-89.99999999978513	0
229.0999999980371	-90.29999999978196	0
228.1999999980203	-90.59999999977875	0
227.2999999980034	-90.89999999977549	0
226.39999999798636	-91.19999999977219	0
225.49999999796924	-91.49999999976885	0
224.599999997952	-91.79999999976546	0
223.69999999793467	-92.09999999976203	0
222.7999999979172	-92.39999999975856	0
221.89999999789964	-92.69999999975505	0
220.99999999788196	-92.9999999997515	0
220.0999999978642	-93.29999999974788	0
219.1999999978463	-93.59999999974423	0
218.2999999978283	-93.89999999974053	0
217.3999999978102	-94.19999999973678	0
216.49999999779197	-94.49999999973298	0
215.59999999777364	-94.79999999972912	0
214.69999999775519	-95.09999999972523	0
213.79999999773662	-95.39999999972127	0
212.89999999771794	-95.69999999971728	0
211.99999999769915	-95.99999999971322	0
211.09999999768024	-96.29999999970913	0
210.19999999766122	-96.59999999970498	0
209.2999999976421	-96.89999999970077	0
208.39999999762284	-97.1999999996965	0
207.49999999760348	-97.49999999969218	0
206.599999997584	-97.79999999968781	0
205.6999999975644	-98.09999999968339	0
204.79999999754466	-98.39999999967891	0
203.89999999752482	-98.69999999967438	0
202.99999999750486	-98.99999999966977	0
202.0999999974848	-99.2999999996651	0
201.19999999746457	-99.59999999966038	0
200.29999999744425	-99.8999999996556	0
199.3999999974238	-100.19999999965077	0
198.49999999740322	-100.49999999964587	0
197.59999999738253	-100.7999999996409	0
196.69999999736172	-101.09999999963587	0
195.79999999734076	-101.39999999963078	0
194.8999999973197	-101.69999999962562	0
193.9999999972985	-101.9999999996204	0
193.09999999727717	-102.29999999961511	0
192.19999999725573	-102.59999999960975	0
191.29999999723415	-102.89999999960433	0
190.39999999721246	-103.19999999959884	0
189.49999999719063	-103.49999999959329	0
188.59999999716868	-103.79999999958765	0
187.6999999971466	-104.09999999958195	0
186.7999999971244	-104.39999999957618	0
185.89999999710204	-104.69999999957034	0
184.99999999707956	-104.99999999956441	0
184.09999999705695	-105.29999999955841	0
183.1999999970342	-105.59999999955234	0
182.29999999701133	-105.8999999995462	0
181.39999999698833	-106.19999999953997	0
180.4999999969652	-106.49999999953367	0
179.5999999969419	-106.79999999952729	0
178.6999999969185	-107.09999999952082	0
177.79999999689497	-107.39999999951428	0
176.8999999968713	-107.69999999950765	0
175.99999999684746	-107.99999999950094	0
175.0999999968235	-108.29999999949415	0
174.19999999679942	-108.59999999948727	0
173.2999999967752	-108.8999999994803	0
172.39999999675084	-109.19999999947325	0
171.49999999672633	-109.49999999946611	0
170.59999999670168	-109.79999999945889	0
169.6999999966769	-110.09999999945157	0
168.79999999665196	-110.39999999944416	0
167.8999999966269	-110.69999999943666	0
166.99999999660167	-110.99999999942906	0
166.09999999657632	-111.29999999942137	0
165.19999999655082	-111.5999999994136	0
164.29999999652517	-111.89999999940572	0
163.3999999964994	-112.19999999939775	0
162.49999999647346	-112.49999999938967	0
161.5999999964474	-112.7999999993815	0
160.69999999642118	-113.09999999937322	0
159.79999999639483	-113.39999999936485	0
158.89999999636834	-113.69999999935638	0
157.9999999963417	-113.99999999934779	0
157.09999999631492	-114.29999999933911	0
156.199999996288	-114.59999999933031	0
155.29999999626094	-114.89999999932141	0
154.3999999962337	-115.1999999993124	0
153.49999999620633	-115.49999999930327	0
152.5999999961788	-115.79999999929403	0
151.69999999615115	-116.09999999928469	0
150.79999999612335	-116.39999999927524	0
149.89999999609537	-116.69999999926566	0
148.99999999606726	-116.99999999925596	0
148.099999996039	-117.29999999924615	0
147.19999999601058	-117.59999999923623	0
146.299999995982	-117.89999999922618	0
145.3999999959533	-118.19999999921602	0
144.49999999592444	-118.49999999920573	0
143.59999999589542	-118.79999999919531	0
142.69999999586625	-119.09999999918476	0
141.79999999583694	-119.3999999991741	0
140.89999999580746	-119.69999999916331	0
139.99999999577784	-119.99999999915238	0
139.09999999574808	-120.29999999914132	0
138.19999999571814	-120.59999999913013	0
137.29999999568807	-120.89999999911882	0
136.39999999565782	-121.19999999910736	0
135.49999999562743	-121.49999999909576	0
134.5999999955969	-121.79999999908404	0
133.6999999955662	-122.09999999907217	0
132.79999999553536	-122.39999999906016	0
131.89999999550434	-122.699999999048	0
130.9999999954732	-122.99999999903571	0
130.0999999954419	-123.29999999902327	0
129.19999999541042	-123.59999999901069	0
128.2999999953788	-123.89999999899796	0
127.39999999534705	-124.19999999898508	0
126.49999999531512	-124.49999999897204	0
125.59999999528304	-124.79999999895885	0
124.6999999952508	-125.09999999894552	0
123.79999999521841	-125.39999999893203	0
122.89999999518587	-125.69999999891839	0
121.99999999515316	-125.99999999890458	0
121.09999999512031	-126.29999999889061	0
120.19999999508731	-126.59999999887648	0
119.29999999505415	-126.8999999988622	0
118.39999999502083	-127.19999999884774	0
117.49999999498736	-127.49999999883313	0
116.59999999495373	-127.79999999881835	0
115.69999999491996	-128.09999999880338	0
114.79999999488604	-128.39999999878827	0
113.89999999485195	-128.69999999877297	0
112.99999999481771	-128.9999999987575	0
112.09999999478332	-129.29999999874184	0
111.19999999474878	-129.59999999872602	0
110.29999999471409	-129.89999999871003	0
109.39999999467923	-130.19999999869387	0
108.49999999464424	-130.4999999986775	0
107.59999999460909	-130.79999999866098	0
106.69999999457379	-131.09999999864425	0
105.79999999453834	-131.39999999862735	0
104.89999999450274	-131.69999999861025	0
103.99999999446699	-131.99999999859298	0
103.09999999443109	-132.29999999857552	0
102.19999999439504	-132.59999999855785	0
101.29999999435884	-132.89999999853998	0
100.3999999943225	-133.19999999852195	0
99.499999994286	-133.4999999985037	0
98.59999999424936	-133.79999999848528	0
97.69999999421258	-134.09999999846664	0
96.79999999417564	-134.3999999984478	0
95.89999999413855	-134.69999999842878	0
94.99999999410133	-134.99999999840955	0
94.09999999406396	-135.2999999983901	0
93.19999999402646	-135.59999999837044	0
92.2999999939888	-135.89999999835058	0
91.39999999395101	-136.1999999983305	0
90.49999999391308	-136.49999999831022	0
89.599999993875	-136.79999999828974	0
88.69999999383678	-137.09999999826903	0
87.79999999379842	-137.39999999824812	0
86.89999999375993	-137.69999999822699	0
85.9999999937213	-137.99999999820562	0
85.09999999368253	-138.29999999818406	0
84.19999999364363	-138.59999999816228	0
83.29999999360459	-138.89999999814026	0
82.39999999356542	-139.19999999811802	0
81.4999999935261	-139.49999999809555	0
80.59999999348666	-139.79999999807285	0
79.6999999934471	-140.09999999804992	0
78.7999999934074	-140.39999999802677	0
77.89999999336757	-140.6999999980034	0
76.99999999332762	-140.99999999797978	0
76.09999999328754	-141.29999999795595	0
75.19999999324733	-141.5999999979319	0
74.299999993207	-141.8999999979076	0
73.39999999316655	-142.19999999788305	0
72.49999999312597	-142.49999999785828	0
71.59999999308526	-142.79999999783328	0
70.69999999304444	-143.09999999780803	0
69.79999999300351	-143.39999999778254	0
68.89999999296245	-143.6999999977568	0
67.99999999292127	-143.99999999773084	0
67.09999999287999	-144.29999999770462	0
66.19999999283858	-144.59999999767817	0
65.29999999279707	-144.89999999765146	0
64.39999999275544	-145.1999999976245	0
63.499999992713704	-145.4999999975973	0
62.59999999267186	-145.79999999756987	0
61.69999999262991	-146.09999999754217	0
60.79999999258786	-146.39999999751424	0
59.899999992545695	-146.69999999748606	0
58.99999999250343	-146.99999999745762	0
58.09999999246107	-147.29999999742893	0
57.199999992418604	-147.59999999739998	0
56.299999992376044	-147.89999999737077	0
55.399999992333385	-148.1999999973413	0
54.499999992290626	-148.4999999973116	0
53.599999992247774	-148.79999999728162	0
52.69999999220483	-149.0999999972514	0
51.799999992161794	-149.3999999972209	0
50.89999999211867	-149.69999999719016	0
49.99999999207546	-149.99999999715916	0
49.09999999203216	-150.2999999971279	0
48.199999991988776	-150.5999999970964	0
47.299999991945306	-150.89999999706464	0
46.39999999190176	-151.19999999703262	0
45.49999999185813	-151.49999999700032	0
44.59999999181442	-151.79999999696776	0
43.69999999177064	-152.09999999693494	0
42.79999999172678	-152.39999999690187	0
41.89999999168285	-152.69999999686854	0
40.99999999163884	-152.99999999683496	0
40.09999999159476	-153.2999999968011	0
39.19999999155061	-153.59999999676697	0
38.2999999915064	-153.8999999967326	0
37.39999999146212	-154.19999999669795	0
36.49999999141777	-154.49999999666304	0
35.599999991373366	-154.79999999662786	0
34.699999991328895	-155.09999999659243	0
33.799999991284366	-155.39999999655674	0
32.89999999123978	-155.69999999652077	0
31.99999999119514	-155.99999999648455	0
31.099999991150444	-156.29999999644807	0
30.199999991105695	-156.5999999964113	0
29.299999991060897	-156.89999999637428	0
28.39999999101605	-157.199999996337	0
27.49999999097115	-157.49999999629947	0
26.599999990926207	-157.79999999626168	0
25.699999990881217	-158.0999999962236	0
24.799999990836184	-158.39999999618527	0
23.899999990791112	-158.6999999961467	0
22.999999990745998	-158.99999999610785	0
22.099999990700848	-159.29999999606872	0
21.19999999065566	-159.59999999602934	0
20.299999990610434	-159.8999999959897	0
19.399999990565178	-160.1999999959498	0
18.49999999051989	-160.49999999590966	0
17.59999999047457	-160.79999999586926	0
16.69999999042922	-161.0999999958286	0
15.799999990383844	-161.39999999578765	0
14.899999990338443	-161.69999999574645	0
13.999999990293018	-161.999999995705	0
13.09999999024757	-162.29999999566328	0
12.1999999902021	-162.59999999562132	0
11.29999999015661	-162.8999999955791	0
10.399999990111104	-163.19999999553661	0
9.499999990065579	-163.49999999549388	0
8.59999999002004	-163.7999999954509	0
7.6999999899744855	-164.09999999540767	0
6.799999989928919	-164.3999999953642	0
5.899999989883342	-164.69999999532047	0
4.999999989837755	-164.99999999527648	0
4.09999998979216	-165.29999999523224	0
3.199999989746558	-165.59999999518774	0
2.299999989700951	-165.89999999514302	0
1.3999999896553401	-166.19999999509804	0
0.49999998960972636	-166.4999999950528	0
-0.40000001043588873	-166.79999999500734	0
-1.300000010481504	-167.09999999496162	0
-2.200000010527118	-167.39999999491565	0
-3.100000010572729	-167.69999999486944	0
-4.000000010618336	-167.99999999482299	0
-4.9000000106639385	-168.2999999947763	0
-5.800000010709534	-168.59999999472936	0
-6.700000010755122	-168.8999999946822	0
-7.600000010800702	-169.1999999946348	0
-8.500000010846271	-169.49999999458714	0
-9.40000001089183	-169.79999999453926	0
-10.300000010937376	-170.09999999449116	0
-11.200000010982908	-170.3999999944428	0
-12.100000011028426	-170.6999999943942	0
-13.000000011073928	-170.9999999943454	0
-13.900000011119413	-171.29999999429634	0
-14.80000001116488	-171.59999999424707	0
-15.700000011210328	-171.89999999419757	0
-16.600000011255755	-172.19999999414784	0
-17.50000001130116	-172.4999999940979	0
-18.400000011346545	-172.7999999940477	0
-19.300000011391905	-173.0999999939973	0
-20.200000011437243	-173.39999999394666	0
-21.100000011482553	-173.6999999938958	0
-22.00000001152784	-173.9999999938447	0
-22.900000011573095	-174.29999999379342	0
-23.800000011618323	-174.5999999937419	0
-24.700000011663523	-174.89999999369016	0
-25.600000011708694	-175.19999999363822	0
-26.500000011753833	-175.49999999358604	0
-27.40000001179894	-175.79999999353365	0
-28.300000011844016	-176.09999999348105	0
-29.20000001188906	-176.39999999342822	0
-30.100000011934068	-176.6999999933752	0
-31.00000001197904	-176.99999999332198	0
-31.900000012023977	-177.29999999326853	0
-32.80000001206888	-177.59999999321488	0
-33.70000001211374	-177.89999999316103	0
-34.60000001215857	-178.19999999310699	0
-35.50000001220335	-178.4999999930527	0
-36.4000000122481	-178.79999999299824	0
-37.300000012292806	-179.09999999294357	0
-38.20000001233747	-179.3999999928887	0
-39.10000001238209	-179.69999999283363	0
-40.00000001242667	-179.99999999277836	0
-40.9000000124712	-180.2999999927229	0
-41.800000012515696	-180.59999999266725	0
-42.700000012560146	-180.8999999926114	0
-43.60000001260455	-181.19999999255538	0
-44.50000001264891	-181.49999999249914	0
-45.400000012693226	-181.79999999244274	0
-46.30000001273749	-182.09999999238613	0
-47.200000012781715	-182.39999999232933	0
-48.10000001282589	-182.69999999227235	0
-49.00000001287001	-182.99999999221518	0
-49.90000001291409	-183.29999999215784	0
-50.80000001295812	-183.5999999921003	0
-51.700000013002104	-183.89999999204258	0
-52.600000013046035	-184.1999999919847	0
-53.50000001308991	-184.49999999192661	0
-54.400000013133734	-184.79999999186836	0
-55.30000001317751	-185.09999999180994	0
-56.200000013221235	-185.39999999175134	0
-57.1000000132649	-185.69999999169255	0
-58.00000001330852	-185.9999999916336	0
-58.90000001335209	-186.29999999157445	0
-59.800000013395604	-186.59999999151515	0
-60.700000013439066	-186.89999999145567	0
-61.60000001348247	-187.19999999139603	0
-62.50000001352582	-187.49999999133624	0
-63.40000001356912	-187.79999999127628	0
-64.30000001361236	-188.09999999121615	0
-65.20000001365555	-188.39999999115585	0
-66.10000001369869	-188.69999999109538	0
-67.00000001374177	-188.99999999103477	0
-67.90000001378479	-189.299999990974	0
-68.80000001382776	-189.59999999091303	0
-69.70000001387066	-189.89999999085194	0
-70.60000001391352	-190.19999999079067	0
-71.50000001395631	-190.49999999072926	0
-72.40000001399905	-190.7999999906677	0
-73.30000001404173	-191.09999999060597	0
-74.20000001408435	-191.3999999905441	0
-75.1000000141269	-191.69999999048207	0
-76.0000000141694	-191.9999999904199	0
-76.90000001421184	-192.29999999035758	0
-77.80000001425422	-192.59999999029512	0
-78.70000001429655	-192.8999999902325	0
-79.60000001433882	-193.19999999016972	0
-80.50000001438103	-193.4999999901068	0
-81.40000001442317	-193.79999999004374	0
-82.30000001446525	-194.09999998998055	0
-83.20000001450728	-194.3999999899172	0
-84.10000001454925	-194.69999998985372	0
-85.00000001459117	-194.9999999897901	0
-85.90000001463302	-195.29999998972633	0
-86.80000001467481	-195.59999998966245	0
-87.70000001471654	-195.89999998959843	0
-88.60000001475821	-196.19999998953426	0
-89.50000001479982	-196.49999998946996	0
-90.40000001484137	-196.79999998940553	0
-91.30000001488285	-197.09999998934097	0
-92.20000001492429	-197.39999998927627	0
-93.10000001496566	-197.69999998921145	0
-94.00000001500696	-197.9999999891465	0
-94.9000000150482	-198.2999999890814	0
-95.8000000150894	-198.5999999890162	0
-96.70000001513053	-198.89999998895087	0
-97.60000001517159	-199.1999999888854	0
-98.50000001521259	-199.4999999888198	0
-99.40000001525354	-199.79999998875408	0
-100.30000001529442	-200.09999998868824	0
-101.20000001533523	-200.39999998862228	0
-102.100000015376	-200.6999999885562	0
-103.0000000154167	-200.99999998848998	0
-103.90000001545734	-201.29999998842365	0
-104.80000001549791	-201.5999999883572	0
-105.70000001553844	-201.89999998829066	0
-106.6000000155789	-202.199999988224	0
-107.50000001561929	-202.49999998815719	0
-108.40000001565963	-202.79999998809026	0
-109.30000001569991	-203.09999998802323	0
-110.20000001574013	-203.39999998795608	0
-111.10000001578028	-203.69999998788882	0
-112.00000001582038	-203.99999998782147	0
-112.90000001586041	-204.299999987754	0
-113.8000000159004	-204.59999998768643	0
-114.7000000159403	-204.89999998761874	0
-115.60000001598016	-205.19999998755094	0
-116.50000001601995	-205.49999998748302	0
-117.40000001605969	-205.79999998741502	0
-118.30000001609936	-206.0999999873469	0
-119.20000001613897	-206.39999998727868	0
-120.10000001617853	-206.69999998721033	0
-121.00000001621802	-206.9999999871419	0
-121.90000001625747	-207.29999998707336	0
-122.80000001629683	-207.59999998700474	0
-123.70000001633615	-207.899999986936	0
-124.6000000163754	-208.19999998686714	0
-125.5000000164146	-208.4999999867982	0
-126.40000001645375	-208.79999998672915	0
-127.30000001649283	-209.09999998666	0
-128.20000001653185	-209.39999998659076	0
-129.10000001657082	-209.69999998652142	0
-130.00000001660973	-209.999999986452	0
-130.90000001664856	-210.29999998638246	0
-131.80000001668733	-210.59999998631284	0
-132.70000001672605	-210.89999998624313	0
-133.6000000167647	-211.1999999861733	0
-134.5000000168033	-211.4999999861034	0
-135.40000001684186	-211.7999999860334	0
-136.30000001688035	-212.09999998596334	0
-137.20000001691878	-212.39999998589315	0
-138.10000001695715	-212.69999998582287	0
-139.00000001699547	-212.9999999857525	0
-139.90000001703373	-213.29999998568206	0
-140.80000001707194	-213.59999998561153	0
-141.70000001711009	-213.89999998554092	0
-142.60000001714818	-214.1999999854702	0
-143.5000000171862	-214.49999998539943	0
-144.4000000172242	-214.79999998532855	0
-145.3000000172621	-215.0999999852576	0
-146.20000001729997	-215.39999998518655	0
-147.10000001733778	-215.69999998511543	0
-148.00000001737553	-215.9999999850442	0
-148.90000001741322	-216.2999999849729	0
-149.80000001745086	-216.59999998490153	0
-150.70000001748843	-216.89999998483006	0
-151.60000001752596	-217.1999999847585	0
-152.50000001756342	-217.4999999846869	0
-153.40000001760083	-217.7999999846152	0
-154.30000001763818	-218.09999998454342	0
-155.20000001767548	-218.39999998447155	0
-156.10000001771272	-218.6999999843996	0
-157.00000001774993	-218.9999999843276	0
-157.90000001778708	-219.2999999842555	0
-158.80000001782417	-219.5999999841833	0
-159.7000000178612	-219.89999998411108	0
-160.6000000178982	-220.19999998403875	0
-161.50000001793512	-220.49999998396635	0
-162.400000017972	-220.79999998389388	0
-163.3000000180088	-221.09999998382133	0
-164.20000001804556	-221.39999998374873	0
-165.10000001808226	-221.69999998367604	0
-166.00000001811893	-221.99999998360326	0
-166.90000001815554	-222.29999998353043	0
-167.8000000181921	-222.5999999834575	0
-168.7000000182286	-222.89999998338453	0
-169.60000001826504	-223.1999999833115	0
-170.50000001830142	-223.49999998323838	0
-171.40000001833775	-223.7999999831652	0
-172.30000001837405	-224.09999998309195	0
-173.2000000184103	-224.39999998301863	0
-174.10000001844648	-224.69999998294523	0
-175.0000000184826	-224.99999998287177	0
-175.90000001851868	-225.29999998279825	0
-176.80000001855473	-225.59999998272465	0
-177.7000000185907	-225.899999982651	0
-178.60000001862664	-226.19999998257728	0
-179.50000001866252	-226.49999998250348	0
-180.40000001869834	-226.79999998242963	0
-181.30000001873412	-227.0999999823557	0
-182.20000001876986	-227.39999998228174	0
-183.10000001880553	-227.6999999822077	0
-184.00000001884115	-227.99999998213357	0
-184.90000001887674	-228.2999999820594	0
-185.80000001891227	-228.59999998198518	0
-186.70000001894775	-228.8999999819109	0
-187.60000001898317	-229.19999998183656	0
-188.50000001901856	-229.49999998176213	0
-189.4000000190539	-229.79999998168765	0
-190.30000001908917	-230.0999999816131	0
-191.2000000191244	-230.3999999815385	0
-192.10000001915958	-230.69999998146386	0
-193.00000001919472	-230.99999998138915	0
-193.9000000192298	-231.2999999813144	0
-194.80000001926484	-231.59999998123956	0
-195.70000001929984	-231.89999998116468	0
-196.60000001933477	-232.19999998108975	0
-197.50000001936968	-232.49999998101475	0
-198.40000001940453	-232.7999999809397	0
-199.30000001943932	-233.0999999808646	0
-200.2000000194741	-233.39999998078943	0
-201.1000000195088	-233.6999999807142	0
-202.00000001954345	-233.99999998063893	0
-202.90000001957807	-234.2999999805636	0
-203.80000001961264	-234.5999999804882	0
-204.70000001964715	-234.89999998041276	0
-205.60000001968163	-235.19999998033728	0
-206.50000001971605	-235.49999998026175	0
-207.40000001975042	-235.79999998018616	0
-208.30000001978476	-236.0999999801105	0
-209.20000001981904	-236.3999999800348	0
-210.1000000198533	-236.69999997995905	0
-211.0000000198875	-236.99999997988326	0
-211.90000001992163	-237.2999999798074	0
-212.80000001995575	-237.5999999797315	0
-213.7000000199898	-237.89999997965555	0
-214.60000002002383	-238.19999997957953	0
-215.5000000200578	-238.49999997950349	0
-216.40000002009174	-238.79999997942738	0
-217.30000002012562	-239.09999997935122	0
-218.20000002015948	-239.399999979275	0
-219.10000002019328	-239.69999997919876	0
-220.00000002022702	-239.99999997912246	0
-220.90000002026073	-240.2999999790461	0
-221.8000000202944	-240.59999997896972	0
-222.70000002032802	-240.89999997889328	0
-223.6000000203616	-241.19999997881678	0
-224.50000002039513	-241.49999997874025	0
-225.40000002042862	-241.79999997866366	0
-226.30000002046208	-242.09999997858702	0
-227.20000002049548	-242.39999997851035	0
-228.10000002052885	-242.69999997843362	0
-229.00000002056217	-242.99999997835687	0
-229.90000002059546	-243.29999997828006	0
-230.8000000206287	-243.59999997820321	0
-231.7000000206619	-243.89999997812632	0
-232.60000002069506	-244.19999997804936	0
-233.50000002072818	-244.49999997797238	0
-234.40000002076127	-244.79999997789534	0
-235.3000000207943	-245.09999997781827	0
-236.2000000208273	-245.39999997774115	0
-237.10000002086025	-245.699999977664	0
-238.00000002089317	-245.99999997758678	0
-238.90000002092603	-246.29999997750954	0
-239.80000002095886	-246.59999997743225	0
-240.70000002099167	-246.89999997735492	0
-241.6000000210244	-247.19999997727754	0
-242.50000002105713	-247.49999997720013	0
-243.4000000210898	-247.7999999771227	0
-244.30000002112243	-248.0999999770452	0
-245.20000002115503	-248.39999997696768	0
-246.10000002118758	-248.6999999768901	0
-247.0000000212201	-248.9999999768125	0
-247.90000002125257	-249.29999997673482	0
-248.800000021285	-249.59999997665713	0
-249.7000000213174	-249.8999999765794	0
-250.60000002134976	-250.19999997650163	0
-251.50000002138208	-250.49999997642382	0
-252.40000002141437	-250.799999976346	0
-253.3000000214466	-251.0999999762681	0
-254.20000002147881	-251.39999997619017	0
-255.100000021511	-251.69999997611222	0
-256.00000002154314	-251.99999997603422	0
-256.90000002157524	-252.29999997595618	0
-257.8000000216073	-252.59999997587812	0
-258.7000000216393	-252.8999999758	0
-259.6000000216713	-253.19999997572185	0
-260.5000000217032	-253.49999997564368	0
-261.40000002173514	-253.79999997556544	0
-262.300000021767	-254.09999997548718	0
-263.2000000217988	-254.3999999754089	0
-264.1000000218306	-254.69999997533057	0
-265.0000000218624	-254.9999999752522	0
-265.9000000218941	-255.2999999751738	0
-266.80000002192577	-255.59999997509536	0
-267.7000000219574	-255.8999999750169	0
-268.60000002198905	-256.1999999749384	0
-269.50000002202063	-256.49999997485986	0
-270.40000002205215	-256.7999999747813	0
-271.3000000220837	-257.0999999747027	0
-272.20000002211515	-257.39999997462405	0
-273.10000002214656	-257.6999999745454	0
-274.00000002217797	-257.9999999744667	0
-274.9000000222093	-258.29999997438796	0
-275.8000000222407	-258.5999999743092	0
-276.700000022272	-258.89999997423035	0
-277.6000000223032	-259.1999999741515	0
-278.50000002233446	-259.49999997407264	0
-279.40000002236565	-259.79999997399375	0
-280.30000002239683	-260.0999999739148	0
-281.20000002242796	-260.39999997383586	0
-282.100000022459	-260.69999997375686	0
-283.0000000224901	-260.9999999736778	0
-283.9000000225211	-261.29999997359874	0
-284.8000000225521	-261.59999997351963	0
-285.7000000225831	-261.8999999734405	0
-286.600000022614	-262.19999997336134	0
-287.5000000226449	-262.4999999732822	0
-288.4000000226757	-262.79999997320294	0
-289.30000002270657	-263.0999999731237	0
-290.20000002273736	-263.39999997304443	0
-291.1000000227681	-263.69999997296514	0
-292.0000000227988	-263.9999999728858	0
-292.9000000228295	-264.2999999728064	0
-293.80000002286016	-264.599999972727	0
-294.7000000228908	-264.89999997264755	0
-295.6000000229214	-265.1999999725681	0
-296.50000002295195	-265.4999999724886	0
-297.40000002298245	-265.79999997240907	0
-298.30000002301296	-266.0999999723295	0
-299.2000000230434	-266.39999997224993	0
-300.10000002307385	-266.6999999721703	0
-301.00000002310423	-266.9999999720907	0
-301.9000000231346	-267.299999972011	0
-302.80000002316496	-267.5999999719313	0
-303.70000002319523	-267.89999997185157	0
-304.6000000232255	-268.19999997177183	0
-305.5000000232557	-268.49999997169203	0
-306.40000002328594	-268.79999997161224	0
-307.3000000233161	-269.0999999715324	0
-308.20000002334626	-269.39999997145253	0
-309.10000002337637	-269.6999999713727	0
-310.00000002340647	-269.99999997129277	0
-310.9000000234365	-270.29999997121286	0
-311.80000002346657	-270.5999999711329	0
-312.70000002349656	-270.8999999710529	0
-313.60000002352655	-271.1999999709729	0
-314.5000000235565	-271.4999999708929	0
-315.40000002358636	-271.7999999708128	0
-316.30000002361624	-272.0999999707327	0
-317.20000002364606	-272.3999999706526	0
-318.1000000236759	-272.69999997057243	0
-319.00000002370564	-272.99999997049224	0
-319.9000000237354	-273.29999997041205	0
-320.8000000237651	-273.59999997033185	0
-321.7000000237948	-273.8999999702516	0
-322.60000002382446	-274.19999997017135	0
-323.5000000238541	-274.49999997009104	0
-324.4000000238837	-274.79999997001073	0
-325.3000000239133	-275.09999996993037	0
-326.20000002394283	-275.39999996985	0
-327.10000002397237	-275.6999999697696	0
-328.00000002400185	-275.99999996968916	0
-328.9000000240313	-276.29999996960873	0
-329.80000002406075	-276.59999996952826	0
-330.7000000240902	-276.8999999694478	0
-331.60000002411954	-277.19999996936724	0
-332.5000000241489	-277.4999999692867	0
-333.4000000241782	-277.79999996920617	0
-334.3000000242075	-278.0999999691256	0
-335.2000000242368	-278.399999969045	0
-336.100000024266	-278.69999996896433	0
-337.0000000242952	-278.9999999688837	0
-337.9000000243244	-279.299999968803	0
-338.80000002435355	-279.5999999687223	0
-339.7000000243827	-279.89999996864157	0
-340.60000002441177	-280.1999999685608	0
-341.50000002444085	-280.49999996848004	0
-342.4000000244699	-280.7999999683993	0
-343.3000000244989	-281.09999996831846	0
-344.2000000245279	-281.39999996823764	0
-345.1000000245569	-281.69999996815676	0
-346.00000002458586	-281.9999999680759	0
-346.90000002461477	-282.299999967995	0
-347.8000000246437	-282.5999999679141	0
-348.70000002467253	-282.89999996783314	0
-349.6000000247014	-283.19999996775215	0
-350.5000000247302	-283.49999996767116	0
-351.400000024759	-283.79999996759017	0
-352.3000000247877	-284.0999999675091	0
-353.20000002481646	-284.3999999674281	0
-354.10000002484514	-284.699999967347	0
-355.0000000248738	-284.9999999672659	0
-355.90000002490245	-285.2999999671848	0
-356.8000000249311	-285.59999996710366	0
-357.7000000249597	-285.8999999670225	0
-358.6000000249883	-286.19999996694133	0
-359.50000002501685	-286.4999999668601	0
-360.40000002504536	-286.7999999667789	0
-361.30000002507387	-287.0999999666977	0
-362.2000000251023	-287.3999999666164	0
-363.1000000251308	-287.69999996653513	0
-364.0000000251592	-287.99999996645386	0
-364.9000000251876	-288.2999999663725	0
-365.800000025216	-288.5999999662912	0
-366.7000000252443	-288.89999996620986	0
-367.60000002527266	-289.1999999661285	0
-368.50000002530095	-289.4999999660471	0
-369.40000002532923	-289.7999999659657	0
-370.30000002535746	-290.09999996588425	0
-371.2000000253857	-290.3999999658028	0
-372.1000000254139	-290.69999996572136	0
-373.0000000254421	-290.99999996563986	0
-373.90000002547026	-291.29999996555836	0
-374.8000000254984	-291.59999996547685	0
-375.7000000255265	-291.8999999653953	0
-376.60000002555455	-292.19999996531374	0
-377.5000000255826	-292.4999999652322	0
-378.40000002561067	-292.79999996515056	0
-379.30000002563867	-293.09999996506895	0
-380.20000002566667	-293.39999996498733	0
-381.1000000256946	-293.69999996490566	0
-382.00000002572256	-293.999999964824	0
-382.9000000257505	-294.2999999647423	0
-383.8000000257784	-294.5999999646606	0
-384.7000000258063	-294.89999996457885	0
-385.6000000258341	-295.1999999644971	0
-386.50000002586194	-295.49999996441534	0
-387.40000002588977	-295.79999996433355	0
-388.30000002591754	-296.09999996425177	0
-389.2000000259453	-296.3999999641699	0
-390.10000002597303	-296.6999999640881	0
-391.00000002600075	-296.99999996400624	0
-391.90000002602847	-297.29999996392434	0
-392.8000000260561	-297.59999996384244	0
-393.7000000260838	-297.89999996376054	0
-394.6000000261114	-298.19999996367864	0
-395.500000026139	-298.4999999635967	0
-396.4000000261666	-298.7999999635147	0
-397.30000002619414	-299.09999996343277	0
-398.2000000262217	-299.39999996335075	0
-399.1000000262492	-299.69999996326874	0
-400.00000002627667	-299.9999999631867	0
-400.90000002630416	-300.2999999631047	0
-401.8000000263316	-300.59999996302264	0
-402.700000026359	-300.89999996294057	0
-403.6000000263864	-301.1999999628585	0
-404.5000000264138	-301.49999996277637	0
-405.40000002644115	-301.79999996269424	0
-406.30000002646847	-302.0999999626121	0
-407.2000000264958	-302.39999996252993	0
-408.1000000265231	-302.69999996244775	0
-409.00000002655037	-302.99999996236556	0
-409.90000002657763	-303.2999999622834	0
-410.80000002660483	-303.59999996220114	0
-411.70000002663204	-303.8999999621189	0
-412.60000002665925	-304.19999996203666	0
-413.5000000266864	-304.4999999619544	0
-414.40000002671354	-304.7999999618721	0
-415.3000000267407	-305.0999999617898	0
-416.2000000267678	-305.3999999617075	0
-417.1000000267949	-305.69999996162517	0
-418.00000002682197	-305.9999999615428	0
-418.900000026849	-306.29999996146046	0
-419.80000002687603	-306.5999999613781	0
-420.700000026903	-306.8999999612957	0
-421.60000002693	-307.1999999612133	0
-422.50000002695697	-307.49999996113087	0
-423.4000000269839	-307.79999996104846	0
-424.3000000270108	-308.099999960966	0
-425.20000002703773	-308.3999999608835	0
-426.1000000270646	-308.69999996080105	0
-427.00000002709146	-308.9999999607186	0
-427.9000000271183	-309.29999996063606	0
-428.80000002714513	-309.59999996055353	0
-429.70000002717194	-309.899999960471	0
-430.60000002719875	-310.1999999603885	0
-431.5000000272255	-310.4999999603059	0
-432.40000002725225	-310.7999999602233	0
-433.30000002727894	-311.09999996014074	0
-434.20000002730563	-311.39999996005815	0
-435.1000000273323	-311.6999999599755	0
-436.00000002735896	-311.9999999598929	0
-436.9000000273856	-312.29999995981024	0
-437.80000002741224	-312.5999999597276	0
-438.7000000274388	-312.8999999596449	0
-439.6000000274654	-313.1999999595622	0
-440.500000027492	-313.4999999594795	0
-441.4000000275185	-313.7999999593968	0
-442.300000027545	-314.09999995931406	0
-443.20000002757155	-314.3999999592313	0
-444.100000027598	-314.69999995914856	0
-445.0000000276245	-314.9999999590658	0
-445.90000002765095	-315.299999958983	0
-446.80000002767736	-315.5999999589002	0
-447.70000002770377	-315.8999999588174	0
-448.6000000277302	-316.19999995873457	0
-449.5000000277565	-316.4999999586517	0
-450.4000000277829	-316.79999995856883	0
-451.30000002780923	-317.09999995848597	0
-452.20000002783553	-317.3999999584031	0
-453.1000000278618	-317.69999995832023	0
-454.0000000278881	-317.9999999582373	0
-454.9000000279144	-318.2999999581544	0
-455.80000002794065	-318.59999995807146	0
-456.7000000279669	-318.89999995798854	0
-457.60000002799313	-319.19999995790556	0
-458.5000000280193	-319.4999999578226	0
-459.4000000280455	-319.7999999577396	0
-460.3000000280717	-320.0999999576566	0
-461.2000000280978	-320.39999995757364	0
-462.10000002812393	-320.6999999574906	0
-463.00000002815005	-320.99999995740757	0
-463.9000000281761	-321.29999995732453	0
-464.8000000282022	-321.5999999572415	0
-465.70000002822826	-321.8999999571584	0
-466.60000002825427	-322.1999999570753	0
-467.5000000282803	-322.4999999569922	0
-468.4000000283063	-322.7999999569091	0
-469.30000002833225	-323.099999956826	0
-470.2000000283582	-323.3999999567429	0
-471.10000002838416	-323.6999999566597	0
-472.0000000284101	-323.9999999565766	0
-472.900000028436	-324.2999999564934	0
-473.8000000284619	-324.5999999564103	0
-474.7000000284878	-324.89999995632706	0
-475.60000002851365	-325.19999995624386	0
-476.5000000285395	-325.49999995616065	0
-477.40000002856533	-325.79999995607744	0
-478.3000000285911	-326.09999995599424	0
-479.2000000286169	-326.39999995591097	0
-480.1000000286427	-326.6999999558277	0
-481.00000002866847	-326.99999995574444	0
-481.9000000286942	-327.2999999556612	0
-482.8000000287199	-327.59999995557786	0
-483.70000002874565	-327.89999995549454	0
-484.6000000287713	-328.1999999554112	0
-485.500000028797	-328.4999999553279	0
-486.40000002882266	-328.7999999552446	0
-487.30000002884833	-329.09999995516125	0
-488.20000002887394	-329.3999999550779	0
-489.10000002889956	-329.6999999549945	0
-490.0000000289252	-329.9999999549111	0
-490.9000000289507	-330.29999995482774	0
-491.8000000289763	-330.59999995474436	0
-492.70000002900184	-330.8999999546609	0
-493.6000000290274	-331.1999999545775	0
-494.5000000290529	-331.49999995449406	0
-495.4000000290784	-331.7999999544106	0
-496.3000000291039	-332.0999999543272	0
-497.20000002912934	-332.3999999542437	0
-498.1000000291548	-332.6999999541602	0
-499.0000000291802	-332.9999999540767	0
-499.90000002920567	-333.2999999539932	0
-500.80000002923106	-333.59999995390973	0
-501.70000002925644	-333.8999999538262	0
-502.60000002928183	-334.19999995374263	0
-503.50000002930716	-334.4999999536591	0
-504.4000000293325	-334.79999995357554	0
-505.3000000293578	-335.099999953492	0
-506.20000002938315	-335.39999995340844	0
-507.1000000294084	-335.69999995332483	0
-508.0000000294337	-335.99999995324123	0
-508.90000002945897	-336.2999999531576	0
-509.80000002948424	-336.599999953074	0
-510.70000002950945	-336.8999999529904	0
-511.60000002953467	-337.19999995290675	0
-512.5000000295598	-337.4999999528231	0
-513.400000029585	-337.7999999527394	0
-514.3000000296103	-338.09999995265576	0
-515.2000000296354	-338.3999999525721	0
-516.1000000296605	-338.69999995248844	0
-517.0000000296856	-338.9999999524047	0
-517.9000000297107	-339.299999952321	0
-518.8000000297358	-339.5999999522373	0
-519.7000000297609	-339.89999995215356	0
-520.600000029786	-340.19999995206985	0
-521.5000000298111	-340.4999999519861	0
-522.4000000298361	-340.79999995190235	0
-523.300000029861	-341.0999999518186	0
-524.200000029886	-341.3999999517348	0
-525.100000029911	-341.699999951651	0
-526.000000029936	-341.99999995156725	0
-526.900000029961	-342.2999999514834	0
-527.800000029986	-342.5999999513996	0
-528.700000030011	-342.89999995131575	0
-529.6000000300359	-343.1999999512319	0
-530.5000000300607	-343.4999999511481	0
-531.4000000300856	-343.79999995106425	0
-532.3000000301105	-344.0999999509804	0
-533.2000000301354	-344.39999995089653	0
-534.1000000301602	-344.69999995081264	0
-535.0000000301851	-344.99999995072875	0
-535.90000003021	-345.29999995064486	0
-536.8000000302347	-345.59999995056097	0
-537.7000000302595	-345.8999999504771	0
-538.6000000302843	-346.19999995039313	0
-539.500000030309	-346.4999999503092	0
-540.4000000303338	-346.79999995022524	0
-541.3000000303585	-347.0999999501413	0
-542.2000000303833	-347.39999995005735	0
-543.1000000304081	-347.6999999499734	0
-544.0000000304327	-347.9999999498894	0
-544.9000000304574	-348.2999999498054	0
-545.800000030482	-348.5999999497214	0
-546.7000000305067	-348.8999999496374	0
-547.6000000305313	-349.1999999495534	0
-548.500000030556	-349.4999999494694	0
-549.4000000305806	-349.7999999493853	0
-550.3000000306052	-350.09999994930126	0
-551.2000000306298	-350.3999999492172	0
-552.1000000306543	-350.69999994913314	0
-553.0000000306788	-350.9999999490491	0
-553.9000000307034	-351.299999948965	0
-554.8000000307279	-351.59999994888096	0
-555.7000000307524	-351.89999994879685	0
-556.600000030777	-352.19999994871273	0
-557.5000000308015	-352.4999999486286	0
-558.4000000308259	-352.7999999485445	0
-559.3000000308504	-353.0999999484604	0
-560.2000000308748	-353.39999994837626	0
-561.1000000308992	-353.69999994829215	0
-562.0000000309236	-353.99999994820797	0
-562.900000030948	-354.2999999481238	0
-563.8000000309725	-354.5999999480396	0
-564.7000000309969	-354.89999994795545	0
-565.6000000310213	-355.1999999478713	0
-566.5000000310456	-355.4999999477871	0
-567.4000000310699	-355.7999999477029	0
-568.3000000310942	-356.09999994761864	0
-569.2000000311185	-356.3999999475344	0
-570.1000000311428	-356.6999999474502	0
-571.0000000311671	-356.99999994736595	0
-571.9000000311914	-357.2999999472817	0
-572.8000000312157	-357.5999999471975	0
-573.70000003124	-357.8999999471132	0
-574.6000000312642	-358.1999999470289	0
-575.5000000312884	-358.4999999469446	0
-576.4000000313126	-358.79999994686034	0
-577.3000000313368	-359.09999994677605	0
-578.200000031361	-359.39999994669176	0
-579.1000000313852	-359.6999999466075	0
-580.0000000314094	-359.9999999465232	0
-580.9000000314336	-360.29999994643885	0
-581.8000000314578	-360.5999999463545	0
-582.7000000314819	-360.89999994627016	0
-583.6000000315059	-361.1999999461858	0
-584.50000003153	-361.49999994610147	0
-585.4000000315541	-361.7999999460171	0
-586.3000000315782	-362.0999999459328	0
-587.2000000316023	-362.3999999458484	0
-588.1000000316263	-362.699999945764	0
-589.0000000316504	-362.9999999456796	0
-589.9000000316745	-363.2999999455952	0
-590.8000000316985	-363.5999999455108	0
-591.7000000317224	-363.8999999454264	0
-592.6000000317464	-364.199999945342	0
-593.5000000317704	-364.49999994525757	0
-594.4000000317943	-364.7999999451731	0
-595.3000000318183	-365.09999994508865	0
-596.2000000318423	-365.3999999450042	0
-597.1000000318662	-365.69999994491974	0
-598.0000000318902	-365.9999999448353	0
-598.9000000319141	-366.2999999447508	0
-599.800000031938	-366.59999994466637	0
-600.7000000319618	-366.89999994458185	0
-601.6000000319857	-367.19999994449734	0
-602.5000000320096	-367.4999999444128	0
-603.4000000320334	-367.7999999443283	0
-604.3000000320573	-368.0999999442438	0
-605.2000000320811	-368.3999999441593	0
-606.100000032105	-368.69999994407476	0
-607.0000000321288	-368.99999994399025	0
-607.9000000321525	-369.2999999439057	0
-608.8000000321763	-369.5999999438211	0
-609.7000000322	-369.89999994373653	0
-610.6000000322238	-370.19999994365196	0
-611.5000000322475	-370.4999999435674	0
-612.4000000322712	-370.7999999434828	0
-613.300000032295	-371.09999994339825	0
-614.2000000323187	-371.3999999433137	0
-615.1000000323425	-371.69999994322905	0
-616.0000000323662	-371.9999999431444	0
-616.9000000323898	-372.2999999430598	0
-617.8000000324134	-372.59999994297516	0
-618.7000000324371	-372.89999994289053	0
-619.6000000324607	-373.1999999428059	0
-620.5000000324843	-373.4999999427213	0
-621.4000000325079	-373.79999994263665	0
-622.3000000325316	-374.099999942552	0
-623.2000000325552	-374.39999994246733	0
-624.1000000325788	-374.69999994238265	0
-625.0000000326024	-374.99999994229796	0
-625.9000000326259	-375.2999999422133	0
-626.8000000326495	-375.5999999421286	0
-627.700000032673	-375.8999999420439	0
-628.6000000326965	-376.1999999419592	0
-629.50000003272	-376.49999994187453	0
-630.4000000327435	-376.7999999417898	0
-631.300000032767	-377.09999994170505	0
-632.2000000327905	-377.3999999416203	0
-633.100000032814	-377.69999994153557	0
-634.0000000328375	-377.9999999414508	0
-634.900000032861	-378.2999999413661	0
-635.8000000328844	-378.59999994128134	0
-636.7000000329078	-378.8999999411966	0
-637.6000000329312	-379.19999994111186	0
-638.5000000329546	-379.49999994102706	0
-639.400000032978	-379.79999994094226	0
-640.3000000330014	-380.09999994085746	0
-641.2000000330248	-380.39999994077266	0
-642.1000000330482	-380.69999994068786	0
-643.0000000330716	-380.99999994060306	0
-643.900000033095	-381.29999994051826	0
-644.8000000331183	-381.59999994043346	0
-645.7000000331416	-381.89999994034866	0
-646.6000000331649	-382.1999999402638	0
-647.5000000331881	-382.49999994017895	0
-648.4000000332114	-382.7999999400941	0
-649.3000000332347	-383.09999994000924	0
-650.200000033258	-383.3999999399244	0
-651.1000000332813	-383.69999993983953	0
-652.0000000333046	-383.9999999397547	0
-652.9000000333278	-384.2999999396698	0
-653.8000000333511	-384.59999993958496	0
-654.7000000333743	-384.89999993950005	0
-655.6000000333975	-385.19999993941514	0
-656.5000000334206	-385.4999999393302	0
-657.4000000334438	-385.7999999392453	0
-658.300000033467	-386.0999999391604	0
-659.2000000334901	-386.3999999390755	0
-660.1000000335133	-386.6999999389906	0
-661.0000000335365	-386.99999993890566	0
-661.9000000335596	-387.29999993882075	0
-662.8000000335828	-387.5999999387358	0
-663.700000033606	-387.8999999386508	0
-664.6000000336292	-388.19999993856584	0
-665.5000000336522	-388.49999993848087	0
-666.4000000336753	-388.7999999383959	0
-667.3000000336983	-389.09999993831093	0
-668.2000000337214	-389.39999993822596	0
-669.1000000337444	-389.699999938141	0
-670.0000000337675	-389.999999938056	0
-670.9000000337905	-390.29999993797105	0
-671.8000000338136	-390.599999937886	0
-672.7000000338367	-390.899999937801	0
-673.6000000338597	-391.199999937716	0
-674.5000000338828	-391.49999993763095	0
-675.4000000339057	-391.7999999375459	0
-676.3000000339287	-392.0999999374609	0
-677.2000000339516	-392.39999993737587	0
-678.1000000339745	-392.69999993729084	0
-679.0000000339975	-392.9999999372058	0
-679.9000000340204	-393.2999999371208	0
-680.8000000340434	-393.5999999370357	0
-681.7000000340663	-393.8999999369506	0
-682.6000000340892	-394.19999993686554	0
-683.5000000341122	-394.49999993678045	0
-684.4000000341351	-394.7999999366954	0
-685.3000000341581	-395.0999999366103	0
-686.2000000341809	-395.3999999365252	0
-687.1000000342037	-395.6999999364401	0
-688.0000000342266	-395.99999993635504	0
-688.9000000342494	-396.29999993626996	0
-689.8000000342722	-396.5999999361848	0
-690.700000034295	-396.8999999360997	0
-691.6000000343179	-397.19999993601454	0
-692.5000000343407	-397.4999999359294	0
-693.4000000343635	-397.79999993584426	0
-694.3000000343864	-398.0999999357591	0
-695.2000000344092	-398.399999935674	0
-696.100000034432	-398.69999993558883	0
-697.0000000344547	-398.9999999355037	0
-697.9000000344774	-399.29999993541855	0
-698.8000000345002	-399.5999999353334	0
-699.7000000345229	-399.8999999352482	0
-700.6000000345456	-400.199999935163	0
-701.5000000345683	-400.4999999350778	0
-702.400000034591	-400.7999999349926	0
-703.3000000346137	-401.09999993490743	0
-704.2000000346364	-401.39999993482223	0
-705.1000000346592	-401.69999993473704	0
-706.0000000346819	-401.99999993465184	0
-706.9000000347046	-402.29999993456664	0
-707.8000000347272	-402.59999993448145	0
-708.7000000347498	-402.89999993439625	0
-709.6000000347724	-403.199999934311	0
-710.500000034795	-403.49999993422574	0
-711.4000000348176	-403.7999999341405	0
-712.3000000348402	-404.09999993405523	0
-713.2000000348628	-404.39999993397	0
-714.1000000348854	-404.6999999338847	0
-715.000000034908	-404.9999999337995	0
-715.9000000349306	-405.2999999337142	0
-716.8000000349532	-405.59999993362896	0
-717.7000000349758	-405.8999999335437	0
-718.6000000349984	-406.19999993345846	0
-719.5000000350209	-406.49999993337315	0
-720.4000000350434	-406.79999993328784	0
-721.3000000350659	-407.0999999332025	0
-722.2000000350884	-407.3999999331172	0
-723.1000000351108	-407.6999999330319	0
-724.0000000351333	-407.9999999329466	0
-724.9000000351558	-408.2999999328613	0
-725.8000000351783	-408.599999932776	0
-726.7000000352008	-408.89999993269066	0
-727.6000000352233	-409.19999993260535	0
-728.5000000352458	-409.49999993252004	0
-729.4000000352682	-409.79999993243473	0
-730.3000000352907	-410.09999993234936	0
-731.2000000353131	-410.399999932264	0
-732.1000000353355	-410.6999999321786	0
-733.0000000353579	-410.99999993209326	0
-733.9000000353802	-411.2999999320079	0
-734.8000000354026	-411.5999999319225	0
-735.700000035425	-411.89999993183716	0
-736.6000000354474	-412.1999999317518	0
-737.5000000354697	-412.4999999316664	0
-738.4000000354921	-412.79999993158106	0
-739.3000000355145	-413.0999999314957	0
-740.2000000355368	-413.3999999314103	0
-741.1000000355592	-413.6999999313249	0
-742.0000000355816	-413.9999999312395	0
-742.900000035604	-414.29999993115405	0
-743.8000000356262	-414.5999999310686	0
-744.7000000356485	-414.8999999309832	0
-745.6000000356707	-415.1999999308978	0
-746.500000035693	-415.49999993081235	0
-747.4000000357153	-415.7999999307269	0
-748.3000000357375	-416.0999999306415	0
-749.2000000357598	-416.3999999305561	0
-750.100000035782	-416.69999993047065	0
-751.0000000358043	-416.99999993038523	0
-751.9000000358266	-417.29999993029975	0
-752.8000000358488	-417.59999993021427	0
-753.7000000358711	-417.8999999301288	0
-754.6000000358933	-418.1999999300433	0
-755.5000000359156	-418.4999999299578	0
-756.4000000359378	-418.79999992987234	0
-757.3000000359599	-419.09999992978686	0
-758.200000035982	-419.3999999297014	0
-759.1000000360042	-419.6999999296159	0
-760.0000000360263	-419.9999999295304	0
-760.9000000360485	-420.29999992944494	0
-761.8000000360706	-420.59999992935946	0
-762.7000000360928	-420.899999929274	0
-763.6000000361149	-421.19999992918844	0
-764.5000000361371	-421.4999999291029	0
-765.4000000361592	-421.79999992901736	0
-766.3000000361814	-422.0999999289318	0
-767.2000000362035	-422.3999999288463	0
-768.1000000362257	-422.69999992876075	0
-769.0000000362477	-422.9999999286752	0
-769.9000000362697	-423.29999992858967	0
-770.8000000362917	-423.59999992850413	0
-771.7000000363138	-423.8999999284186	0
-772.6000000363358	-424.19999992833306	0
-773.5000000363578	-424.4999999282475	0
-774.4000000363799	-424.799999928162	0
-775.3000000364019	-425.0999999280764	0
-776.200000036424	-425.3999999279908	0
-777.100000036446	-425.6999999279052	0
-778.000000036468	-425.9999999278196	0
-778.90000003649	-426.299999927734	0
-779.8000000365121	-426.5999999276484	0
-780.7000000365341	-426.8999999275628	0
-781.6000000365561	-427.1999999274772	0
-782.5000000365781	-427.4999999273916	0
-783.4000000366	-427.79999992730603	0
-784.3000000366219	-428.09999992722044	0
-785.2000000366438	-428.39999992713484	0
-786.1000000366657	-428.69999992704925	0
-787.0000000366877	-428.9999999269636	0
-787.9000000367096	-429.29999992687794	0
-788.8000000367315	-429.5999999267923	0
-789.7000000367534	-429.89999992670664	0
-790.6000000367753	-430.199999926621	0
-791.5000000367972	-430.49999992653534	0
-792.4000000368192	-430.7999999264497	0
-793.3000000368411	-431.09999992636403	0
-794.200000036863	-431.3999999262784	0
-795.1000000368849	-431.69999992619273	0
-796.0000000369067	-431.9999999261071	0
-796.9000000369285	-432.2999999260214	0
-797.8000000369503	-432.5999999259358	0
-798.7000000369721	-432.8999999258501	0
-799.600000036994	-433.1999999257644	0
-800.5000000370158	-433.4999999256787	0
-801.4000000370376	-433.799999925593	0
-802.3000000370594	-434.0999999255073	0
-803.2000000370812	-434.3999999254216	0
-804.100000037103	-434.6999999253359	0
-805.0000000371248	-434.99999992525017	0
-805.9000000371466	-435.29999992516446	0
-806.8000000371684	-435.59999992507875	0
-807.7000000371902	-435.89999992499304	0
-808.600000037212	-436.19999992490733	0
-809.5000000372338	-436.4999999248216	0
-810.4000000372555	-436.7999999247359	0
-811.3000000372772	-437.0999999246502	0
-812.2000000372989	-437.3999999245645	0
-813.1000000373206	-437.69999992447873	0
-814.0000000373423	-437.99999992439297	0
-814.900000037364	-438.2999999243072	0
-815.8000000373856	-438.59999992422144	0
-816.7000000374073	-438.89999992413567	0
-817.600000037429	-439.1999999240499	0
-818.5000000374507	-439.49999992396414	0
-819.4000000374724	-439.7999999238784	0
-820.3000000374941	-440.0999999237926	0
-821.2000000375158	-440.39999992370684	0
-822.1000000375375	-440.6999999236211	0
-823.0000000375592	-440.9999999235353	0
-823.9000000375809	-441.29999992344955	0
-824.8000000376024	-441.5999999233638	0
-825.700000037624	-441.899999923278	0
-826.6000000376456	-442.1999999231922	0
-827.5000000376672	-442.4999999231064	0
-828.4000000376888	-442.79999992302055	0
-829.3000000377103	-443.0999999229347	0
-830.2000000377319	-443.3999999228489	0
-831.1000000377535	-443.6999999227631	0
-832.0000000377751	-443.99999992267726	0
-832.9000000377966	-444.29999992259144	0
-833.8000000378182	-444.5999999225056	0
-834.7000000378398	-444.8999999224198	0
-835.6000000378614	-445.199999922334	0
-836.500000037883	-445.49999992224815	0
-837.4000000379045	-445.7999999221623	0
-838.3000000379261	-446.0999999220765	0
-839.2000000379476	-446.3999999219907	0
-840.100000037969	-446.6999999219048	0
-841.0000000379905	-446.9999999218189	0
-841.900000038012	-447.29999992173305	0
-842.8000000380334	-447.59999992164717	0
-843.7000000380549	-447.8999999215613	0
-844.6000000380764	-448.1999999214754	0
-845.5000000380978	-448.49999992138953	0
-846.4000000381193	-448.79999992130365	0
-847.3000000381408	-449.0999999212178	0
-848.2000000381622	-449.3999999211319	0
-849.1000000381837	-449.699999921046	0
-850.0000000382051	-449.99999992096014	0
-850.9000000382266	-450.29999992087426	0
-851.8000000382481	-450.5999999207884	0
-852.7000000382695	-450.8999999207025	0
-853.600000038291	-451.1999999206166	0
-854.5000000383125	-451.49999992053074	0
-855.4000000383338	-451.7999999204448	0
-856.3000000383552	-452.09999992035887	0
-857.2000000383765	-452.39999992027293	0
-858.1000000383979	-452.699999920187	0
-859.0000000384192	-452.99999992010106	0
-859.9000000384406	-453.2999999200151	0
-860.8000000384619	-453.5999999199292	0
-861.7000000384833	-453.89999991984325	0
-862.6000000385046	-454.1999999197573	0
-863.500000038526	-454.4999999196714	0
-864.4000000385473	-454.79999991958545	0
-865.3000000385687	-455.0999999194995	0
-866.20000003859	-455.3999999194136	0
-867.1000000386114	-455.69999991932764	0
-868.0000000386327	-455.9999999192417	0
-868.9000000386541	-456.29999991915577	0
-869.8000000386754	-456.5999999190698	0
-870.7000000386968	-456.8999999189838	0
-871.600000038718	-457.1999999188978	0
-872.5000000387392	-457.4999999188118	0
-873.4000000387605	-457.7999999187258	0
-874.3000000387817	-458.0999999186398	0
-875.200000038803	-458.3999999185538	0
-876.1000000388242	-458.6999999184678	0
-877.0000000388454	-458.99999991838183	0
-877.9000000388667	-459.29999991829584	0
-878.8000000388879	-459.59999991820985	0
-879.7000000389091	-459.89999991812385	0
-880.6000000389304	-460.19999991803786	0
-881.5000000389516	-460.49999991795187	0
-882.4000000389728	-460.7999999178659	0
-883.3000000389941	-461.0999999177799	0
-884.2000000390153	-461.3999999176939	0
-885.1000000390366	-461.6999999176079	0
-886.0000000390578	-461.99999991752185	0
-886.900000039079	-462.2999999174358	0
-887.8000000391002	-462.59999991734975	0
-888.7000000391213	-462.8999999172637	0
-889.6000000391424	-463.19999991717765	0
-890.5000000391635	-463.4999999170916	0
-891.4000000391846	-463.79999991700555	0
-892.3000000392058	-464.0999999169195	0
-893.2000000392269	-464.39999991683345	0
-894.100000039248	-464.6999999167474	0
-895.0000000392691	-464.99999991666135	0
-895.9000000392903	-465.2999999165753	0
-896.8000000393114	-465.59999991648925	0
-897.7000000393325	-465.8999999164032	0
-898.6000000393536	-466.19999991631715	0
-899.5000000393748	-466.4999999162311	0
-900.4000000393959	-466.79999991614505	0
-901.300000039417	-467.099999916059	0
-902.2000000394381	-467.3999999159729	0
-903.1000000394592	-467.6999999158868	0
-904.0000000394804	-467.9999999158007	0
-904.9000000395014	-468.2999999157146	0
-905.8000000395224	-468.5999999156285	0
-906.7000000395434	-468.89999991554237	0
-907.6000000395644	-469.19999991545626	0
-908.5000000395854	-469.49999991537015	0
-909.4000000396064	-469.79999991528405	0
-910.3000000396274	-470.09999991519794	0
-911.2000000396484	-470.39999991511183	0
-912.1000000396695	-470.6999999150257	0
-913.0000000396905	-470.9999999149396	0
-913.9000000397115	-471.2999999148535	0
-914.8000000397325	-471.5999999147674	0
-915.7000000397535	-471.8999999146813	0
-916.6000000397745	-472.1999999145952	0
-917.5000000397955	-472.4999999145091	0
-918.4000000398165	-472.7999999144229	0
-919.3000000398375	-473.09999991433676	0
-920.2000000398585	-473.3999999142506	0
-921.1000000398795	-473.69999991416444	0
-922.0000000399006	-473.9999999140783	0
-922.9000000399215	-474.2999999139921	0
-923.8000000399423	-474.59999991390595	0
-924.7000000399632	-474.8999999138198	0
-925.6000000399841	-475.1999999137336	0
-926.500000040005	-475.49999991364746	0
-927.4000000400259	-475.7999999135613	0
-928.3000000400468	-476.09999991347513	0
-929.2000000400677	-476.39999991338897	0
-930.1000000400886	-476.6999999133028	0
-931.0000000401095	-476.99999991321664	0
-931.9000000401304	-477.2999999131305	0
-932.8000000401513	-477.5999999130443	0
-933.7000000401722	-477.89999991295815	0
-934.6000000401931	-478.199999912872	0
-935.500000040214	-478.4999999127858	0
-936.4000000402349	-478.7999999126996	0
-937.3000000402558	-479.0999999126134	0
-938.2000000402767	-479.39999991252716	0
-939.1000000402976	-479.69999991244094	0
-940.0000000403185	-479.9999999123547	0
-940.9000000403393	-480.2999999122685	0
-941.80000004036	-480.5999999121823	0
-942.7000000403808	-480.89999991209606	0
-943.6000000404016	-481.19999991200984	0
-944.5000000404224	-481.4999999119236	0
-945.4000000404432	-481.7999999118374	0
-946.3000000404639	-482.0999999117512	0
-947.2000000404847	-482.39999991166496	0
-948.1000000405055	-482.69999991157874	0
-949.0000000405263	-482.9999999114925	0
-949.9000000405471	-483.2999999114063	0
-950.8000000405679	-483.5999999113201	0
-951.7000000405886	-483.89999991123386	0
-952.6000000406094	-484.19999991114764	0
-953.5000000406302	-484.4999999110614	0
-954.400000040651	-484.79999991097515	0
-955.3000000406718	-485.09999991088887	0
-956.2000000406925	-485.3999999108026	0
-957.1000000407133	-485.6999999107163	0
-958.0000000407341	-485.99999991063004	0
-958.9000000407549	-486.29999991054376	0
-959.8000000407756	-486.5999999104575	0
-960.7000000407962	-486.8999999103712	0
-961.6000000408169	-487.19999991028493	0
-962.5000000408376	-487.49999991019865	0
-963.4000000408582	-487.7999999101124	0
-964.3000000408789	-488.0999999100261	0
-965.2000000408996	-488.3999999099398	0
-966.1000000409202	-488.69999990985355	0
-967.0000000409409	-488.99999990976727	0
-967.9000000409616	-489.299999909681	0
-968.8000000409822	-489.5999999095947	0
-969.7000000410029	-489.89999990950844	0
-970.6000000410236	-490.19999990942216	0
-971.5000000410442	-490.4999999093359	0
-972.4000000410649	-490.7999999092496	0
-973.3000000410856	-491.09999990916333	0
-974.2000000411063	-491.399999909077	0
-975.1000000411269	-491.69999990899066	0
-976.0000000411476	-491.99999990890433	0
-976.9000000411683	-492.299999908818	0
-977.8000000411889	-492.59999990873166	0
-978.7000000412096	-492.8999999086453	0
-979.6000000412301	-493.199999908559	0
-980.5000000412507	-493.49999990847266	0
-981.4000000412713	-493.7999999083863	0
-982.3000000412918	-494.0999999083	0
-983.2000000413124	-494.39999990821366	0
-984.1000000413329	-494.6999999081273	0
-985.0000000413535	-494.999999908041	0
-985.900000041374	-495.29999990795466	0
-986.8000000413946	-495.5999999078683	0
-987.7000000414151	-495.899999907782	0
-988.6000000414357	-496.19999990769566	0
-989.5000000414562	-496.4999999076093	0
-990.4000000414768	-496.799999907523	0
-991.3000000414974	-497.09999990743665	0
-992.2000000415179	-497.3999999073503	0
-993.1000000415385	-497.699999907264	0
-994.000000041559	-497.9999999071776	0
-994.9000000415796	-498.2999999070912	0
-995.8000000416001	-498.5999999070048	0
-996.7000000416207	-498.8999999069184	0
-997.6000000416412	-499.19999990683203	0
-998.5000000416618	-499.49999990674564	0
-999.4000000416822	-499.79999990665925	0
-1000.3000000417027	-500.09999990657286	0
-1001.2000000417231	-500.39999990648647	0
-1002.1000000417436	-500.6999999064001	0
-1003.000000041764	-500.9999999063137	0
-1003.9000000417844	-501.2999999062273	0
-1004.8000000418049	-501.5999999061409	0
-1005.7000000418253	-501.8999999060545	0
-1006.6000000418458	-502.1999999059681	0
-1007.5000000418662	-502.49999990588174	0
-1008.4000000418866	-502.79999990579535	0
-1009.3000000419071	-503.09999990570896	0
-1010.2000000419275	-503.39999990562256	0
-1011.100000041948	-503.6999999055362	0
-1012.0000000419684	-503.9999999054498	0
-1012.9000000419888	-504.2999999053634	0
-1013.8000000420093	-504.599999905277	0
-1014.7000000420297	-504.89999990519055	0
-1015.6000000420502	-505.1999999051041	0
-1016.5000000420706	-505.49999990501766	0
-1017.400000042091	-505.7999999049312	0
-1018.3000000421115	-506.09999990484476	0
-1019.2000000421319	-506.3999999047583	0
-1020.1000000421524	-506.69999990467187	0
-1021.0000000421727	-506.9999999045854	0
-1021.900000042193	-507.299999904499	0
-1022.8000000422134	-507.5999999044125	0
-1023.7000000422337	-507.8999999043261	0
-1024.6000000422541	-508.19999990423963	0
-1025.5000000422745	-508.4999999041532	0
-1026.4000000422948	-508.79999990406674	0
-1027.300000042315	-509.0999999039803	0
-1028.2000000423354	-509.39999990389384	0
-1029.1000000423558	-509.6999999038074	0
-1030.000000042376	-509.99999990372095	0
-1030.9000000423964	-510.2999999036345	0
-1031.8000000424167	-510.59999990354805	0
-1032.700000042437	-510.8999999034616	0
-1033.6000000424574	-511.19999990337516	0
-1034.5000000424777	-511.4999999032887	0
-1035.400000042498	-511.79999990320226	0
-1036.3000000425184	-512.0999999031158	0
-1037.2000000425387	-512.3999999030293	0
-1038.100000042559	-512.6999999029429	0
-1039.0000000425794	-512.9999999028564	0
-1039.9000000425997	-513.29999990277	0
-1040.80000004262	-513.5999999026835	0
-1041.7000000426403	-513.8999999025971	0
-1042.6000000426607	-514.1999999025106	0
-1043.500000042681	-514.4999999024242	0
-1044.4000000427013	-514.7999999023377	0
-1045.3000000427216	-515.0999999022513	0
-1046.200000042742	-515.3999999021648	0
-1047.1000000427623	-515.6999999020784	0
-1048.0000000427826	-515.9999999019918	0
-1048.900000042803	-516.2999999019053	0
-1049.8000000428233	-516.5999999018187	0
-1050.7000000428436	-516.8999999017321	0
-1051.600000042864	-517.1999999016456	0
-1052.5000000428843	-517.499999901559	0
-1053.4000000429046	-517.7999999014725	0
-1054.3000000429247	-518.0999999013859	0
-1055.2000000429448	-518.3999999012993	0
-1056.100000042965	-518.6999999012128	0
-1057.000000042985	-518.9999999011262	0
-1057.900000043005	-519.2999999010397	0
-1058.8000000430252	-519.5999999009531	0
-1059.7000000430453	-519.8999999008665	0
-1060.6000000430654	-520.19999990078	0
-1061.5000000430855	-520.4999999006934	0
-1062.4000000431056	-520.7999999006068	0
-1063.3000000431257	-521.0999999005203	0
-1064.2000000431458	-521.3999999004337	0
-1065.100000043166	-521.6999999003472	0
-1066.000000043186	-521.9999999002606	0
-1066.900000043206	-522.299999900174	0
-1067.8000000432262	-522.5999999000875	0
-1068.7000000432463	-522.8999999000009	0
-1069.6000000432664	-523.1999998999144	0
-1070.5000000432865	-523.4999998998278	0
-1071.4000000433066	-523.7999998997412	0
-1072.3000000433267	-524.0999998996547	0
-1073.2000000433468	-524.3999998995681	0
-1074.100000043367	-524.6999998994816	0
-1075.000000043387	-524.999999899395	0
-1075.900000043407	-525.2999998993084	0
-1076.8000000434272	-525.5999998992219	0
-1077.7000000434473	-525.8999998991353	0
-1078.6000000434674	-526.1999998990487	0
-1079.5000000434875	-526.4999998989622	0
-1080.4000000435076	-526.7999998988756	0
-1081.3000000435277	-527.0999998987891	0
-1082.2000000435478	-527.3999998987025	0
-1083.100000043568	-527.6999998986159	0
-1084.000000043588	-527.9999998985294	0
-1084.900000043608	-528.2999998984428	0
-1085.8000000436282	-528.5999998983563	0
-1086.7000000436483	-528.8999998982697	0
-1087.6000000436684	-529.1999998981831	0
-1088.5000000436885	-529.4999998980966	0
-1089.4000000437086	-529.79999989801	0
-1090.3000000437287	-530.0999998979235	0
-1091.2000000437488	-530.3999998978369	0
-1092.100000043769	-530.6999998977503	0
-1093.000000043789	-530.9999998976638	0
-1093.900000043809	-531.2999998975772	0
-1094.8000000438292	-531.5999998974906	0
-1095.7000000438493	-531.899999897404	0
-1096.6000000438694	-532.1999998973173	0
-1097.5000000438895	-532.4999998972306	0
-1098.4000000439096	-532.799999897144	0
-1099.3000000439297	-533.0999998970573	0
-1100.2000000439498	-533.3999998969706	0
-1101.1000000439699	-533.6999998968839	0
-1102.0000000439898	-533.9999998967972	0
-1102.9000000440096	-534.2999998967106	0
-1103.8000000440295	-534.5999998966239	0
-1104.7000000440494	-534.8999998965372	0
-1105.6000000440692	-535.1999998964505	0
-1106.5000000440891	-535.4999998963639	0
-1107.400000044109	-535.7999998962772	0
-1108.3000000441289	-536.0999998961905	0
-1109.2000000441487	-536.3999998961039	0
-1110.1000000441686	-536.6999998960172	0
-1111.0000000441885	-536.9999998959305	0
-1111.9000000442084	-537.2999998958438	0
-1112.8000000442282	-537.5999998957572	0
-1113.700000044248	-537.8999998956705	0
-1114.600000044268	-538.1999998955838	0
-1115.5000000442878	-538.4999998954971	0
-1116.4000000443077	-538.7999998954105	0
-1117.3000000443276	-539.0999998953238	0
-1118.2000000443475	-539.3999998952371	0
-1119.1000000443673	-539.6999998951504	0
-1120.0000000443872	-539.9999998950638	0
-1120.900000044407	-540.2999998949771	0
-1121.800000044427	-540.5999998948904	0
-1122.7000000444468	-540.8999998948037	0
-1123.6000000444667	-541.199999894717	0
-1124.5000000444866	-541.4999998946304	0
-1125.4000000445064	-541.7999998945437	0
-1126.3000000445263	-542.099999894457	0
-1127.2000000445462	-542.3999998943704	0
-1128.100000044566	-542.6999998942837	0
-1129.000000044586	-542.999999894197	0
-1129.9000000446058	-543.2999998941103	0
-1130.8000000446257	-543.5999998940237	0
-1131.7000000446455	-543.899999893937	0
-1132.6000000446654	-544.1999998938503	0
-1133.5000000446853	-544.4999998937636	0
-1134.4000000447052	-544.799999893677	0
-1135.300000044725	-545.0999998935903	0
-1136.200000044745	-545.3999998935036	0
-1137.1000000447648	-545.6999998934169	0
-1138.0000000447847	-545.9999998933303	0
-1138.9000000448045	-546.2999998932436	0
-1139.8000000448244	-546.5999998931569	0
-1140.7000000448443	-546.8999998930702	0
-1141.6000000448641	-547.1999998929836	0
-1142.500000044884	-547.4999998928969	0
-1143.400000044904	-547.7999998928102	0
-1144.3000000449238	-548.0999998927235	0
-1145.2000000449436	-548.3999998926369	0
-1146.1000000449635	-548.6999998925502	0
-1147.0000000449834	-548.9999998924635	0
-1147.9000000450033	-549.2999998923767	0
-1148.8000000450231	-549.5999998922899	0
-1149.700000045043	-549.8999998922031	0
-1150.6000000450629	-550.1999998921164	0
-1151.5000000450827	-550.4999998920296	0
-1152.4000000451026	-550.7999998919428	0
-1153.3000000451223	-551.099999891856	0
-1154.200000045142	-551.3999998917692	0
-1155.1000000451616	-551.6999998916824	0
-1156.0000000451812	-551.9999998915956	0
-1156.9000000452008	-552.2999998915088	0
-1157.8000000452205	-552.599999891422	0
-1158.7000000452401	-552.8999998913353	0
-1159.6000000452598	-553.1999998912485	0
-1160.5000000452794	-553.4999998911617	0
-1161.400000045299	-553.7999998910749	0
-1162.3000000453187	-554.0999998909881	0
-1163.2000000453384	-554.3999998909013	0
-1164.100000045358	-554.6999998908145	0
-1165.0000000453776	-554.9999998907277	0
-1165.9000000453973	-555.299999890641	0
-1166.800000045417	-555.5999998905542	0
-1167.7000000454366	-555.8999998904674	0
-1168.6000000454562	-556.1999998903806	0
-1169.5000000454759	-556.4999998902938	0
-1170.4000000454955	-556.799999890207	0
-1171.3000000455152	-557.0999998901202	0
-1172.2000000455348	-557.3999998900334	0
-1173.1000000455545	-557.6999998899466	0
-1174.000000045574	-557.9999998898599	0
-1174.9000000455937	-558.2999998897731	0
-1175.8000000456134	-558.5999998896863	0
-1176.700000045633	-558.8999998895995	0
-1177.6000000456527	-559.1999998895127	0
-1178.5000000456723	-559.4999998894259	0
-1179.400000045692	-559.7999998893391	0
-1180.3000000457116	-560.0999998892523	0
-1181.2000000457313	-560.3999998891655	0
-1182.100000045751	-560.6999998890788	0
-1183.0000000457705	-560.999999888992	0
-1183.9000000457902	-561.2999998889052	0
-1184.8000000458098	-561.5999998888184	0
-1185.7000000458295	-561.8999998887316	0
-1186.6000000458491	-562.1999998886448	0
-1187.5000000458688	-562.499999888558	0
-1188.4000000458884	-562.7999998884712	0
-1189.300000045908	-563.0999998883844	0
-1190.2000000459277	-563.3999998882977	0
-1191.1000000459474	-563.6999998882109	0
-1192.000000045967	-563.9999998881241	0
-1192.9000000459866	-564.2999998880373	0
-1193.8000000460063	-564.5999998879505	0
-1194.700000046026	-564.8999998878637	0
-1195.6000000460456	-565.1999998877769	0
-1196.5000000460652	-565.4999998876901	0
-1197.4000000460849	-565.7999998876033	0
-1198.3000000461045	-566.0999998875166	0
-1199.2000000461242	-566.3999998874298	0
-1200.1000000461438	-566.699999887343	0
-1201.0000000461634	-566.9999998872562	0
-1201.900000046183	-567.2999998871694	0
-1202.8000000462027	-567.5999998870826	0
-1203.7000000462224	-567.8999998869958	0
-1204.600000046242	-568.199999886909	0
-1205.5000000462617	-568.4999998868223	0
-1206.4000000462813	-568.7999998867353	0
-1207.300000046301	-569.0999998866484	0
-1208.2000000463206	-569.3999998865615	0
-1209.1000000463403	-569.6999998864746	0
-1210.0000000463597	-569.9999998863877	0
-1210.900000046379	-570.2999998863008	0
-1211.8000000463985	-570.5999998862139	0
-1212.700000046418	-570.899999886127	0
-1213.6000000464373	-571.1999998860401	0
-1214.5000000464568	-571.4999998859532	0
-1215.4000000464762	-571.7999998858663	0
-1216.3000000464956	-572.0999998857794	0
-1217.200000046515	-572.3999998856925	0
-1218.1000000465344	-572.6999998856056	0
-1219.0000000465539	-572.9999998855187	0
-1219.9000000465733	-573.2999998854318	0
-1220.8000000465927	-573.5999998853449	0
-1221.700000046612	-573.899999885258	0
-1222.6000000466315	-574.1999998851711	0
-1223.500000046651	-574.4999998850842	0
-1224.4000000466704	-574.7999998849973	0
-1225.3000000466898	-575.0999998849104	0
-1226.2000000467092	-575.3999998848235	0
-1227.1000000467286	-575.6999998847366	0
-1228.000000046748	-575.9999998846497	0
-1228.9000000467674	-576.2999998845628	0
-1229.8000000467869	-576.5999998844759	0
-1230.7000000468063	-576.899999884389	0
-1231.6000000468257	-577.1999998843021	0
-1232.5000000468451	-577.4999998842152	0
-1233.4000000468645	-577.7999998841283	0
-1234.300000046884	-578.0999998840414	0
-1235.2000000469034	-578.3999998839545	0
-1236.1000000469228	-578.6999998838676	0
-1237.0000000469422	-578.9999998837807	0
-1237.9000000469616	-579.2999998836938	0
-1238.800000046981	-579.5999998836069	0
-1239.7000000470005	-579.89999988352	0
-1240.6000000470199	-580.1999998834331	0
-1241.5000000470393	-580.4999998833462	0
-1242.4000000470587	-580.7999998832593	0
-1243.3000000470781	-581.0999998831724	0
-1244.2000000470975	-581.3999998830855	0
-1245.100000047117	-581.6999998829986	0
-1246.0000000471364	-581.9999998829117	0
-1246.9000000471558	-582.2999998828247	0
-1247.8000000471752	-582.5999998827378	0
-1248.7000000471946	-582.899999882651	0
-1249.600000047214	-583.199999882564	0
-1250.5000000472335	-583.4999998824771	0
-1251.400000047253	-583.7999998823902	0
-1252.3000000472723	-584.0999998823033	0
-1253.2000000472917	-584.3999998822164	0
-1254.1000000473111	-584.6999998821295	0
-1255.0000000473306	-584.9999998820426	0
-1255.90000004735	-585.2999998819557	0
-1256.8000000473694	-585.5999998818688	0
-1257.7000000473888	-585.8999998817819	0
-1258.6000000474082	-586.199999881695	0
-1259.5000000474276	-586.4999998816081	0
-1260.400000047447	-586.7999998815212	0
-1261.3000000474665	-587.0999998814343	0
-1262.200000047486	-587.3999998813474	0
-1263.1000000475053	-587.6999998812605	0
-1264.0000000475247	-587.9999998811736	0
-1264.9000000475442	-588.2999998810867	0
-1265.8000000475636	-588.5999998809998	0
-1266.700000047583	-588.8999998809129	0
-1267.6000000476024	-589.199999880826	0
-1268.5000000476218	-589.4999998807391	0
-1269.4000000476412	-589.7999998806522	0
-1270.3000000476607	-590.0999998805653	0
-1271.2000000476799	-590.3999998804784	0
-1272.100000047699	-590.6999998803914	0
-1273.0000000477182	-590.9999998803044	0
-1273.9000000477374	-591.2999998802173	0
-1274.8000000477566	-591.5999998801303	0
-1275.7000000477758	-591.8999998800433	0
-1276.600000047795	-592.1999998799563	0
-1277.5000000478142	-592.4999998798693	0
-1278.4000000478334	-592.7999998797823	0
-1279.3000000478526	-593.0999998796952	0
-1280.2000000478718	-593.3999998796082	0
-1281.100000047891	-593.6999998795212	0
-1282.0000000479101	-593.9999998794342	0
-1282.9000000479293	-594.2999998793472	0
-1283.8000000479485	-594.5999998792602	0
-1284.7000000479677	-594.8999998791732	0
-1285.600000047987	-595.1999998790861	0
-1286.500000048006	-595.4999998789991	0
-1287.4000000480253	-595.7999998789121	0
-1288.3000000480445	-596.0999998788251	0
-1289.2000000480637	-596.3999998787381	0
-1290.1000000480828	-596.699999878651	0
-1291.000000048102	-596.999999878564	0
-1291.9000000481212	-597.299999878477	0
-1292.8000000481404	-597.59999987839	0
-1293.7000000481596	-597.899999878303	0
-1294.6000000481788	-598.199999878216	0
-1295.500000048198	-598.499999878129	0
-1296.4000000482172	-598.799999878042	0
-1297.3000000482364	-599.0999998779549	0
-1298.2000000482556	-599.3999998778679	0
-1299.1000000482748	-599.6999998777809	0
